0 0.1453125 0.47421875 0.025 0.05234375
0 0.3671875 0.20078125 0.01875 0.04375
0 0.3890625 0.18515625 0.02265625 0.04140625
0 0.56484375 0.51640625 0.028125 0.05859375
0 0.40703125 0.56171875 0.01875 0.03125
0 0.4640625 0.5859375 0.0171875 0.0296875
0 0.45859375 0.54609375 0.01953125 0.034375
0 0.4796875 0.5296875 0.01640625 0.03984375
0 0.51640625 0.51953125 0.01640625 0.03515625
0 0.24375 0.22265625 0.025 0.05
0 0.2703125 0.19765625 0.0203125 0.0375
0 0.5171875 0.62109375 0.01328125 0.03359375
0 0.37421875 0.13359375 0.01640625 0.0375
0 0.2421875 0.184375 0.0203125 0.03984375
0 0.61875 0.84765625 0.01875 0.02890625
0 0.23984375 0.01171875 0.01796875 0.02265625
0 0.45859375 0.315625 0.0203125 0.03984375
0 0.44921875 0.49140625 0.01171875 0.040625
0 0.44921875 0.50078125 0.0203125 0.0234375
0 0.46640625 0.48671875 0.015625 0.03125
0 0.4390625 0.4640625 0.015625 0.02578125
0 0.46484375 0.4453125 0.01875 0.021875
0 0.51171875 0.45 0.01640625 0.0375
0 0.51328125 0.65859375 0.01640625 0.02890625
0 0.525 0.33359375 0.02578125 0.05859375
0 0.31015625 0.27265625 0.01796875 0.03359375
0 0.26484375 0.228125 0.0203125 0.03515625
0 0.48125 0.62734375 0.0140625 0.05859375
0 0.409375 0.38046875 0.01875 0.05625
0 0.56015625 0.596875 0.01171875 0.02734375
0 0.596875 0.7625 0.01328125 0.02890625
0 0.45390625 0.39765625 0.02265625 0.0375
0 0.63046875 0.828125 0.01640625 0.02734375
0 0.42578125 0.62578125 0.015625 0.02265625
0 0.49375 0.47890625 0.01796875 0.0375
0 0.4234375 0.44140625 0.01640625 0.0375
0 0.5109375 0.77890625 0.01171875 0.04140625
0 0.3390625 0.37265625 0.01640625 0.02890625
0 0.4890625 0.425 0.0140625 0.025
0 0.43828125 0.60546875 0.01328125 0.02265625
0 0.321875 0.26171875 0.01796875 0.03125
0 0.54921875 0.74140625 0.02578125 0.05
0 0.51484375 0.759375 0.0171875 0.03984375
0 0.31640625 0.26796875 0.0296875 0.04375
0 0.4671875 0.37890625 0.0140625 0.02890625
0 0.45625 0.62109375 0.01640625 0.02890625
0 0.3734375 0.36328125 0.0234375 0.04375
0 0.45546875 0.6625 0.01640625 0.04140625
0 0.5875 0.78046875 0.0203125 0.03515625
0 0.36796875 0.35 0.034375 0.07109375
0 0.2953125 0.11953125 0.01328125 0.04375
0 0.56484375 0.596875 0.0203125 0.03125
0 0.6234375 0.83828125 0.03046875 0.04765625
0 0.4546875 0.31015625 0.01328125 0.02890625
