0 0.7046875 0.33203125 0.03671875 0.03515625
0 0.5765625 0.24453125 0.0296875 0.04375
0 0.034375 0.70703125 0.04375 0.05234375
0 0.8578125 0.21484375 0.03515625 0.04140625
0 0.79140625 0.20703125 0.03984375 0.03984375
0 0.09921875 0.98359375 0.0296875 0.02890625
0 0.8609375 0.26171875 0.025 0.04375
0 0.79453125 0.29609375 0.0421875 0.05
0 0.72890625 0.37890625 0.028125 0.03359375
0 0.13359375 0.83984375 0.03046875 0.0375
0 0.5546875 0.41484375 0.0109375 0.02890625
0 0.11875 0.81171875 0.01875 0.02734375
0 0.06484375 0.95703125 0.04375 0.06484375
0 0.55703125 0.36328125 0.015625 0.03125
0 0.68203125 0.46796875 0.0234375 0.05234375
0 0.503125 0.43203125 0.0203125 0.02734375
0 0.63359375 0.34140625 0.02265625 0.04140625
0 0.02109375 0.9375 0.03984375 0.0625
0 0.64296875 0.378125 0.028125 0.03984375
0 0.81640625 0.23359375 0.02734375 0.03359375
0 0.62890625 0.30859375 0.02265625 0.0375
0 0.5484375 0.32890625 0.01640625 0.0375
0 0.02734375 0.715625 0.0296875 0.03515625
0 0.89765625 0.21171875 0.03671875 0.03515625
0 0.6703125 0.41796875 0.028125 0.03515625
0 0.62109375 0.25859375 0.01171875 0.025
0 0.8734375 0.303125 0.03203125 0.03125
0 0.4953125 0.37890625 0.02109375 0.02890625
0 0.8921875 0.18046875 0.0421875 0.04375
0 0.00625 0.98046875 0.0125 0.0328125
