0 0.29765625 0.56171875 0.0484375 0.06484375
0 0.49375 0.525 0.025 0.0625
0 0.2953125 0.765625 0.053125 0.06484375
0 0.73828125 0.63125 0.0328125 0.05859375
0 0.79453125 0.5125 0.0421875 0.04140625
0 0.56015625 0.77109375 0.0421875 0.05859375
0 0.24921875 0.66171875 0.0578125 0.05625
0 0.3828125 0.58125 0.02578125 0.06640625
0 0.3234375 0.690625 0.0296875 0.05234375
0 0.971875 0.41484375 0.04453125 0.0625
0 0.66640625 0.77734375 0.03203125 0.05390625
0 0.57421875 0.55625 0.02578125 0.05
0 0.21953125 0.49453125 0.0375 0.05625
0 0.5375 0.70234375 0.02578125 0.04609375
0 0.11640625 0.40078125 0.05625 0.06484375
0 0.16015625 0.69375 0.04609375 0.05859375
0 0.36640625 0.66484375 0.0515625 0.04140625
0 0.57421875 0.68046875 0.03671875 0.04765625
0 0.178125 0.60703125 0.0515625 0.06484375
0 0.1171875 0.69765625 0.06796875 0.08359375
0 0.675 0.5421875 0.04375 0.06484375
0 0.66328125 0.47890625 0.0328125 0.04609375
0 0.684375 0.71171875 0.03984375 0.06484375
0 0.04921875 0.334375 0.06796875 0.05234375
0 0.44375 0.7375 0.05390625 0.08359375
0 0.75859375 0.70625 0.05546875 0.05859375
0 0.771875 0.40078125 0.04140625 0.04765625
0 0.4578125 0.72265625 0.02578125 0.05390625
0 0.221875 0.54375 0.0328125 0.04609375
0 0.096875 0.5375 0.0453125 0.0671875
0 0.0984375 0.48125 0.05859375 0.05859375
0 0.515625 0.65703125 0.03671875 0.05625
0 0.69140625 0.590625 0.0328125 0.04375
0 0.74375 0.346875 0.0328125 0.04375
0 0.84375 0.67734375 0.046875 0.07109375
0 0.04609375 0.521875 0.0625 0.05234375
0 0.54921875 0.59609375 0.0234375 0.07109375
0 0.428125 0.52421875 0.0375 0.06484375
0 0.11640625 0.60546875 0.05546875 0.0625
0 0.14453125 0.54296875 0.05859375 0.05234375
0 0.825 0.625 0.0375 0.05
0 0.434375 0.75390625 0.03515625 0.05
0 0.98515625 0.7375 0.02734375 0.05859375
0 0.359375 0.79296875 0.04375 0.08515625
0 0.42578125 0.46953125 0.02578125 0.04765625
0 0.0578125 0.396875 0.07421875 0.06015625
0 0.03203125 0.63984375 0.0640625 0.065625
