0 0.59296875 0.4125 0.0390625 0.07109375
0 0.3765625 0.3 0.0515625 0.05859375
0 0.1 0.66484375 0.06796875 0.07109375
0 0.50390625 0.5 0.0296875 0.0375
0 0.7609375 0.7375 0.0328125 0.04609375
0 0.95703125 0.646875 0.06015625 0.10625
0 0.82421875 0.65078125 0.06015625 0.05625
0 0.7421875 0.603125 0.03671875 0.04375
0 0.90546875 0.41484375 0.053125 0.05390625
0 0.696875 0.37578125 0.0328125 0.05625
0 0.7703125 0.42578125 0.0484375 0.05234375
0 0.9125 0.46640625 0.0578125 0.05859375
0 0.82421875 0.45546875 0.046875 0.04375
0 0.60703125 0.534375 0.025 0.05234375
0 0.64296875 0.4625 0.02578125 0.0625
0 0.69609375 0.425 0.0328125 0.04609375
0 0.6515625 0.5875 0.06328125 0.05859375
0 0.465625 0.42890625 0.04609375 0.04140625
0 0.7359375 0.678125 0.03046875 0.08984375
0 0.8546875 0.55234375 0.05390625 0.05
0 0.8984375 0.65703125 0.0484375 0.04375
0 0.034375 0.578125 0.06796875 0.09375
0 0.78203125 0.57421875 0.04609375 0.05234375
0 0.8109375 0.50625 0.065625 0.07109375
0 0.89609375 0.52734375 0.053125 0.04609375
0 0.7578125 0.534375 0.0390625 0.04375
0 0.85859375 0.61015625 0.06015625 0.05390625
0 0.95859375 0.675 0.05546875 0.05
