0 0.27265625 0.453125 0.01953125 0.0265625
0 0.3328125 0.265625 0.025 0.04765625
0 0.63203125 0.98125 0.01328125 0.03359375
0 0.39921875 0.54609375 0.021875 0.04140625
0 0.4234375 0.55078125 0.01640625 0.040625
0 0.4515625 0.56875 0.0140625 0.034375
0 0.46328125 0.521875 0.02578125 0.0171875
0 0.490625 0.4875 0.01875 0.03359375
0 0.5671875 0.88046875 0.01171875 0.02734375
0 0.5140625 0.73046875 0.0140625 0.02734375
0 0.534375 0.65546875 0.009375 0.02265625
0 0.50546875 0.784375 0.0109375 0.03125
0 0.3859375 0.49453125 0.0140625 0.04140625
0 0.39609375 0.48515625 0.015625 0.03046875
0 0.4234375 0.4609375 0.015625 0.0265625
0 0.45 0.4625 0.01796875 0.0328125
0 0.45 0.41953125 0.015625 0.03515625
0 0.47578125 0.27109375 0.02734375 0.04609375
0 0.54375 0.54921875 0.0140625 0.02734375
0 0.36484375 0.4234375 0.0171875 0.02265625
0 0.37265625 0.38984375 0.01796875 0.02890625
0 0.51640625 0.85234375 0.0140625 0.02109375
0 0.4796875 0.609375 0.015625 0.03515625
0 0.44296875 0.671875 0.0203125 0.06015625
0 0.4546875 0.61484375 0.0109375 0.025
0 0.46484375 0.66015625 0.01875 0.04140625
0 0.54765625 0.56015625 0.00859375 0.02890625
0 0.4 0.54140625 0.0140625 0.02890625
0 0.54921875 0.71171875 0.00703125 0.01484375
0 0.34453125 0.40625 0.015625 0.02890625
0 0.27578125 0.47578125 0.01640625 0.03125
0 0.3703125 0.34296875 0.015625 0.02734375
0 0.353125 0.38203125 0.0140625 0.03125
0 0.5359375 0.72265625 0.01328125 0.025
0 0.3875 0.3359375 0.01953125 0.0421875
0 0.40234375 0.328125 0.0171875 0.03203125
0 0.41796875 0.32421875 0.0234375 0.03984375
0 0.47265625 0.74765625 0.009375 0.02109375
0 0.5359375 0.83671875 0.0109375 0.01875
0 0.5578125 0.8203125 0.0203125 0.03125
0 0.46953125 0.565625 0.015625 0.021875
0 0.465625 0.37265625 0.02109375 0.040625
0 0.4390625 0.38046875 0.01953125 0.0296875
0 0.40703125 0.42109375 0.02734375 0.03203125
0 0.4125 0.38984375 0.01796875 0.01796875
0 0.409375 0.475 0.0140625 0.0390625
0 0.4328125 0.48515625 0.01875 0.03046875
0 0.49609375 0.6671875 0.01875 0.0328125
0 0.50390625 0.6328125 0.01953125 0.03203125
0 0.55 0.6453125 0.01953125 0.034375
