0 0.15 0.67734375 0.0515625 0.075
0 0.10625 0.15078125 0.08828125 0.08984375
0 0.259375 0.40078125 0.04921875 0.04375
0 0.1796875 0.39140625 0.0515625 0.0625
0 0.97421875 0.43359375 0.04921875 0.05859375
0 0.290625 0.51953125 0.0484375 0.08125
0 0.390625 0.390625 0.0375 0.05234375
0 0.11328125 0.34296875 0.053125 0.03984375
0 0.47890625 0.40078125 0.0375 0.05625
0 0.65234375 0.40546875 0.025 0.04375
0 0.54296875 0.5875 0.03671875 0.071875
0 0.5421875 0.5125 0.03671875 0.0625
0 0.5625 0.43125 0.02578125 0.05390625
0 0.5625 0.36328125 0.0390625 0.05234375
0 0.3546875 0.71875 0.05625 0.10390625
0 0.2125 0.64921875 0.0421875 0.06015625
0 0.49453125 0.47890625 0.0390625 0.04609375
0 0.4953125 0.559375 0.01875 0.06015625
0 0.07265625 0.64921875 0.05625 0.04765625
0 0.34140625 0.453125 0.03515625 0.04765625
0 0.446875 0.44140625 0.028125 0.05
0 0.35546875 0.51953125 0.0328125 0.04765625
0 0.44140625 0.56171875 0.03046875 0.05234375
0 0.6515625 0.465625 0.0328125 0.04765625
0 0.2484375 0.61796875 0.0265625 0.05390625
0 0.390625 0.59765625 0.03046875 0.05859375
0 0.05234375 0.43984375 0.06484375 0.04609375
0 0.06953125 0.6875 0.0515625 0.03359375
0 0.02109375 0.30078125 0.0421875 0.03984375
0 0.615625 0.46171875 0.03671875 0.03515625
0 0.3859375 0.45625 0.03515625 0.04609375
0 0.5921875 0.29609375 0.0328125 0.08046875
