0 0.7640625 0.49609375 0.05390625 0.1
0 0.97265625 0.13671875 0.053125 0.06015625
0 0.66484375 0.609375 0.03671875 0.05625
0 0.628125 0.48515625 0.03984375 0.05390625
0 0.50625 0.41015625 0.03671875 0.05390625
0 0.27265625 0.46484375 0.0390625 0.05
0 0.16484375 0.63515625 0.04609375 0.05859375
0 0.22734375 0.70546875 0.05859375 0.05625
0 0.2953125 0.3890625 0.0453125 0.0734375
0 0.31015625 0.38359375 0.04140625 0.0875
0 0.1125 0.43984375 0.053125 0.046875
0 0.14296875 0.3921875 0.053125 0.05234375
0 0.15625 0.32109375 0.05625 0.05
0 0.2296875 0.565625 0.04609375 0.059375
0 0.2484375 0.51015625 0.034375 0.04609375
0 0.15703125 0.27109375 0.06015625 0.04609375
0 0.1515625 0.53125 0.04140625 0.0375
0 0.190625 0.46171875 0.04453125 0.05390625
0 0.196875 0.40078125 0.05703125 0.05078125
0 0.03671875 0.41484375 0.05546875 0.0640625
0 0.04375 0.271875 0.07890625 0.0671875
0 0.06875 0.33515625 0.03984375 0.06171875
0 0.03125 0.58515625 0.0453125 0.08125
0 0.05703125 0.484375 0.03828125 0.06953125
0 0.09296875 0.4015625 0.040625 0.05390625
0 0.09296875 0.61484375 0.05703125 0.07421875
0 0.03203125 0.64296875 0.040625 0.0640625
