0 0.92578125 0.578125 0.0421875 0.05234375
0 0.234375 0.43046875 0.0375 0.05234375
0 0.96328125 0.396875 0.06484375 0.08515625
0 0.13984375 0.71875 0.0375 0.03359375
0 0.01953125 0.31484375 0.0390625 0.0375
0 0.9375 0.60078125 0.03984375 0.03515625
0 0.66796875 0.415625 0.03046875 0.05546875
0 0.6171875 0.47578125 0.03046875 0.05703125
0 0.61875 0.53671875 0.046875 0.06484375
0 0.76171875 0.64921875 0.03125 0.05
0 0.56328125 0.7421875 0.02890625 0.0515625
0 0.578125 0.7109375 0.02890625 0.0515625
0 0.58125 0.66953125 0.0296875 0.04609375
0 0.6 0.628125 0.0328125 0.0515625
0 0.646875 0.54296875 0.03125 0.04921875
0 0.528125 0.48125 0.03828125 0.059375
0 0.52265625 0.61171875 0.02265625 0.04609375
0 0.5421875 0.64609375 0.02734375 0.05625
0 0.446875 0.6921875 0.0296875 0.05
0 0.47890625 0.64140625 0.0234375 0.046875
0 0.42890625 0.6640625 0.025 0.0515625
0 0.4546875 0.61484375 0.028125 0.04453125
0 0.4796875 0.55390625 0.02265625 0.05
0 0.4734375 0.52734375 0.021875 0.05
0 0.4265625 0.51171875 0.03046875 0.0484375
0 0.38671875 0.653125 0.02421875 0.04609375
0 0.396875 0.5921875 0.0265625 0.0359375
0 0.3078125 0.46015625 0.0296875 0.05234375
0 0.3015625 0.43046875 0.02265625 0.03203125
0 0.3921875 0.5328125 0.03125 0.06015625
0 0.3421875 0.653125 0.03203125 0.0578125
0 0.35703125 0.590625 0.028125 0.0484375
0 0.23203125 0.6484375 0.0296875 0.04296875
0 0.2609375 0.64296875 0.02578125 0.040625
0 0.20546875 0.66953125 0.0234375 0.0375
0 0.23046875 0.61015625 0.0171875 0.034375
0 0.2609375 0.609375 0.02890625 0.04453125
0 0.28125 0.55390625 0.03125 0.04453125
0 0.31484375 0.50703125 0.03046875 0.0421875
0 0.34921875 0.50703125 0.0265625 0.04453125
0 0.29765625 0.628125 0.03046875 0.0515625
0 0.31171875 0.56875 0.021875 0.04375
0 0.18203125 0.5921875 0.0265625 0.0484375
0 0.1234375 0.4890625 0.053125 0.0453125
0 0.18515625 0.55078125 0.025 0.03515625
0 0.16328125 0.43984375 0.03203125 0.0515625
0 0.15078125 0.40078125 0.028125 0.03671875
0 0.2125 0.51484375 0.03828125 0.0515625
0 0.18671875 0.4765625 0.028125 0.0515625
0 0.12890625 0.60390625 0.03984375 0.06640625
0 0.24375 0.54453125 0.034375 0.04921875
0 0.25234375 0.50546875 0.03046875 0.04140625
