0 0.65703125 0.91953125 0.0234375 0.05625
0 0.446875 0.68984375 0.01796875 0.04140625
0 0.21796875 0.01328125 0.0234375 0.0265625
0 0.43515625 0.21640625 0.01640625 0.0375
0 0.2421875 0.47578125 0.0203125 0.06875
0 0.38515625 0.37578125 0.01640625 0.03515625
0 0.4 0.3 0.01796875 0.0375
0 0.3515625 0.29375 0.02265625 0.04609375
0 0.5546875 0.76171875 0.01328125 0.02265625
0 0.34453125 0.38125 0.015625 0.03359375
0 0.31953125 0.37109375 0.0140625 0.02890625
0 0.3546875 0.34765625 0.015625 0.02890625
0 0.3296875 0.34453125 0.0140625 0.03125
0 0.52109375 0.67578125 0.01171875 0.02734375
0 0.44296875 0.61015625 0.0203125 0.03515625
0 0.471875 0.59453125 0.01953125 0.03828125
0 0.47265625 0.56015625 0.01328125 0.02421875
0 0.52734375 0.50546875 0.0140625 0.03515625
0 0.60390625 0.93671875 0.01328125 0.03515625
0 0.7203125 0.81328125 0.03046875 0.05625
0 0.5390625 0.840625 0.0109375 0.02265625
0 0.5171875 0.703125 0.01796875 0.03125
0 0.60078125 0.965625 0.01171875 0.03515625
0 0.41328125 0.534375 0.03203125 0.04921875
0 0.4515625 0.5578125 0.01640625 0.028125
0 0.50859375 0.51953125 0.01796875 0.03125
0 0.3859375 0.51171875 0.02265625 0.0375
0 0.4015625 0.49296875 0.025 0.040625
0 0.43203125 0.47890625 0.01875 0.0328125
0 0.4546875 0.4 0.015625 0.02890625
0 0.44140625 0.52890625 0.01640625 0.0265625
0 0.45625 0.4890625 0.0203125 0.0453125
0 0.46640625 0.44609375 0.01328125 0.02890625
0 0.47890625 0.74375 0.0140625 0.02109375
0 0.4203125 0.63671875 0.01875 0.04375
0 0.49140625 0.81328125 0.01171875 0.02265625
0 0.72734375 0.82421875 0.0140625 0.03125
0 0.40703125 0.3625 0.01640625 0.04140625
0 0.24375 0.49140625 0.01875 0.0375
0 0.50859375 0.79375 0.01328125 0.02890625
0 0.42109375 0.2125 0.0140625 0.0375
0 0.52578125 0.60078125 0.0140625 0.02265625
0 0.4890625 0.65390625 0.01796875 0.04140625
0 0.4765625 0.68671875 0.0140625 0.02734375
0 0.37109375 0.4625 0.015625 0.03359375
0 0.41484375 0.346875 0.01328125 0.03125
0 0.384375 0.446875 0.01796875 0.03125
0 0.40390625 0.20546875 0.01171875 0.03515625
0 0.43125 0.41640625 0.015625 0.03359375
0 0.38515625 0.2 0.009375 0.03359375
0 0.56171875 0.75625 0.02734375 0.03359375
0 0.53125 0.79140625 0.01328125 0.025
