0 0.39453125 0.59921875 0.03046875 0.06875
0 0.3265625 0.52109375 0.0421875 0.1
0 0.603125 0.51875 0.02578125 0.05859375
0 0.471875 0.80703125 0.03515625 0.08125
0 0.5390625 0.49296875 0.01875 0.06015625
0 0.4328125 0.70859375 0.02265625 0.05859375
0 0.40390625 0.76328125 0.0234375 0.06015625
0 0.88046875 0.41953125 0.05859375 0.04375
0 0.67421875 0.759375 0.03671875 0.05625
0 0.68203125 0.54296875 0.0421875 0.05625
0 0.21015625 0.615625 0.03984375 0.05625
0 0.84609375 0.64140625 0.04921875 0.05390625
0 0.975 0.40859375 0.0484375 0.04609375
0 0.15234375 0.571875 0.04921875 0.05234375
0 0.76875 0.46875 0.05390625 0.05
0 0.3359375 0.68203125 0.034375 0.05625
0 0.95390625 0.709375 0.071875 0.06484375
0 0.2671875 0.709375 0.03203125 0.05625
0 0.896875 0.565625 0.06328125 0.05234375
0 0.7953125 0.75390625 0.04375 0.05859375
0 0.20390625 0.51484375 0.04453125 0.10859375
0 0.83828125 0.37890625 0.06484375 0.04609375
0 0.4734375 0.66640625 0.0296875 0.05
0 0.49609375 0.61171875 0.02109375 0.05625
0 0.70390625 0.684375 0.0328125 0.06015625
0 0.23203125 0.55 0.07265625 0.05
0 0.03359375 0.42734375 0.0671875 0.04609375
0 0.215625 0.76875 0.0421875 0.05390625
0 0.7734375 0.553125 0.04453125 0.06015625
0 0.92578125 0.64765625 0.03515625 0.03359375
0 0.88828125 0.69921875 0.053125 0.06484375
0 0.62578125 0.65625 0.03671875 0.07265625
0 0.65 0.68046875 0.0328125 0.04765625
0 0.13359375 0.665625 0.0375 0.05234375
0 0.55078125 0.74453125 0.04375 0.05234375
0 0.53359375 0.55234375 0.0203125 0.05
0 0.8078125 0.71484375 0.05546875 0.05859375
0 0.02109375 0.540625 0.0421875 0.05234375
0 0.01640625 0.38203125 0.0328125 0.03515625
0 0.6734375 0.62734375 0.0328125 0.05859375
0 0.03984375 0.57578125 0.0375 0.06484375
0 0.2796875 0.63828125 0.0421875 0.06015625
0 0.21796875 0.721875 0.0484375 0.06015625
0 0.5765625 0.72265625 0.04375 0.05390625
0 0.01875 0.47265625 0.0375 0.0625
0 0.7890625 0.58984375 0.04609375 0.04609375
