0 0.28046875 0.70546875 0.04453125 0.06015625
0 0.45859375 0.68515625 0.03671875 0.0625
0 0.36640625 0.78828125 0.04375 0.08984375
0 0.56953125 0.70234375 0.0296875 0.05859375
0 0.4015625 0.74296875 0.04453125 0.06484375
0 0.471875 0.48125 0.0375 0.05390625
0 0.5484375 0.77265625 0.04453125 0.0625
0 0.91015625 0.47578125 0.0625 0.04765625
0 0.8171875 0.92109375 0.071875 0.15390625
0 0.3609375 0.55390625 0.07421875 0.05
0 0.13359375 0.47265625 0.04921875 0.10390625
0 0.28515625 0.59921875 0.0328125 0.05234375
0 0.73984375 0.51484375 0.02734375 0.05
0 0.8125 0.55 0.053125 0.05390625
0 0.62109375 0.79609375 0.03671875 0.08359375
0 0.51953125 0.62890625 0.03203125 0.0625
0 0.603125 0.66015625 0.0375 0.05
0 0.97734375 0.4125 0.0421875 0.075
0 0.3515625 0.49921875 0.04140625 0.06484375
0 0.696875 0.734375 0.046875 0.05234375
0 0.6453125 0.634375 0.02265625 0.05625
0 0.82421875 0.74765625 0.046875 0.0625
0 0.403125 0.66953125 0.02734375 0.05234375
0 0.96328125 0.73671875 0.0671875 0.05234375
0 0.7328125 0.73046875 0.034375 0.05234375
0 0.93671875 0.78515625 0.05625 0.06640625
0 0.67890625 0.57734375 0.04375 0.0625
0 0.334375 0.6375 0.028125 0.05859375
0 0.91171875 0.56484375 0.0390625 0.0625
0 0.68203125 0.51328125 0.03984375 0.05625
0 0.97578125 0.68515625 0.04609375 0.05390625
0 0.86640625 0.67734375 0.0453125 0.0578125
0 0.7953125 0.6609375 0.0484375 0.06640625
0 0.8296875 0.6390625 0.04453125 0.06484375
0 0.75546875 0.63046875 0.0625 0.08203125
