0 0.76640625 0.4875 0.03828125 0.04453125
0 0.76796875 0.4375 0.028125 0.0453125
0 0.77734375 0.403125 0.02421875 0.04296875
0 0.77578125 0.3625 0.034375 0.03515625
0 0.8015625 0.31015625 0.0234375 0.02890625
0 0.8671875 0.57421875 0.03515625 0.04375
0 0.78203125 0.58125 0.02578125 0.04609375
0 0.93515625 0.50078125 0.0390625 0.02265625
0 0.98671875 0.54609375 0.025 0.02890625
0 0.68203125 0.40625 0.04375 0.04765625
0 0.68203125 0.35546875 0.03046875 0.02734375
0 0.86953125 0.53515625 0.0234375 0.03359375
0 0.940625 0.61484375 0.04609375 0.03359375
0 0.9390625 0.53359375 0.04921875 0.03359375
0 0.784375 0.5265625 0.03125 0.046875
0 0.77265625 0.484375 0.01875 0.03125
0 0.91953125 0.52890625 0.0390625 0.03359375
0 0.94765625 0.58203125 0.04140625 0.02734375
0 0.9890625 0.571875 0.0203125 0.02734375
0 0.80546875 0.45546875 0.02890625 0.0375
0 0.8125 0.4140625 0.0375 0.04375
