0 0.984375 0.65625 0.0296875 0.15390625
0 0.4515625 0.78515625 0.02578125 0.07109375
0 0.2046875 0.71875 0.04609375 0.075
0 0.2546875 0.64140625 0.04921875 0.05859375
0 0.29453125 0.29609375 0.0375 0.05390625
0 0.0828125 0.28359375 0.11640625 0.09609375
0 0.24375 0.31640625 0.05546875 0.07109375
0 0.42578125 0.59375 0.02734375 0.05390625
0 0.3734375 0.70234375 0.04140625 0.0625
0 0.38515625 0.51640625 0.03046875 0.05859375
0 0.13203125 0.37578125 0.05546875 0.04765625
0 0.1921875 0.66328125 0.0390625 0.06015625
0 0.47890625 0.57578125 0.03515625 0.06484375
0 0.24609375 0.5078125 0.04375 0.1140625
0 0.28359375 0.41171875 0.04375 0.08984375
0 0.1 0.29921875 0.08203125 0.06484375
0 0.40546875 0.38125 0.04375 0.06640625
0 0.11875 0.60625 0.046875 0.05390625
0 0.08515625 0.40078125 0.053125 0.04375
0 0.76015625 0.40625 0.0203125 0.07890625
0 0.06484375 0.26015625 0.08125 0.05390625
0 0.36640625 0.46953125 0.02109375 0.04375
0 0.29765625 0.55546875 0.053125 0.11015625
0 0.32109375 0.45703125 0.0390625 0.04765625
0 0.22109375 0.39375 0.03671875 0.05859375
0 0.07578125 0.653125 0.04609375 0.05234375
0 0.4734375 0.646875 0.02734375 0.03515625
0 0.146875 0.72421875 0.0609375 0.06015625
0 0.540625 0.38203125 0.05078125 0.05625
0 0.43515625 0.671875 0.03203125 0.06015625
0 0.7515625 0.475 0.05078125 0.09140625
0 0.18984375 0.47421875 0.05625 0.05234375
0 0.00859375 0.40390625 0.01640625 0.02890625
0 0.02265625 0.665625 0.04453125 0.0859375
0 0.025 0.58515625 0.04921875 0.075
0 0.04609375 0.509375 0.04296875 0.0765625
