0 0.02265625 0.39609375 0.0453125 0.0640625
0 0.85 0.40546875 0.0328125 0.05234375
0 0.3453125 0.38515625 0.0203125 0.04609375
0 0.575 0.421875 0.01640625 0.04375
0 0.24375 0.4375 0.02265625 0.04140625
0 0.28984375 0.490625 0.0328125 0.03984375
0 0.71796875 0.47734375 0.0390625 0.0375
0 0.3984375 0.44765625 0.02265625 0.04609375
0 0.56953125 0.571875 0.0203125 0.03515625
0 0.2609375 0.53203125 0.03984375 0.03984375
0 0.4578125 0.52265625 0.0328125 0.04140625
0 0.30078125 0.609375 0.0296875 0.04765625
0 0.36171875 0.50859375 0.0375 0.04609375
0 0.93984375 0.54609375 0.05859375 0.05859375
0 0.6546875 0.559375 0.03203125 0.03984375
0 0.8375 0.62421875 0.04609375 0.03984375
0 0.640625 0.59765625 0.03203125 0.0375
0 0.11171875 0.36171875 0.0484375 0.03984375
0 0.71328125 0.565625 0.025 0.03515625
0 0.54375 0.46953125 0.034375 0.08125
0 0.4515625 0.46015625 0.01796875 0.05859375
0 0.546875 0.44765625 0.028125 0.04140625
0 0.10625 0.43671875 0.034375 0.03515625
0 0.20625 0.484375 0.03046875 0.03515625
0 0.78671875 0.734375 0.0421875 0.03984375
0 0.784375 0.61171875 0.0421875 0.05234375
0 0.1984375 0.5125 0.0421875 0.0375
0 0.10234375 0.40546875 0.05078125 0.05625
0 0.53984375 0.4875 0.02578125 0.04609375
0 0.765625 0.67109375 0.03203125 0.03359375
0 0.4421875 0.48671875 0.0234375 0.03125
0 0.26328125 0.59140625 0.028125 0.04140625
0 0.93671875 0.36796875 0.05390625 0.05234375
0 0.85 0.46015625 0.0375 0.04609375
0 0.72265625 0.51484375 0.03984375 0.0375
0 0.346875 0.64296875 0.03671875 0.03984375
0 0.30703125 0.65859375 0.025 0.0375
0 0.34296875 0.59765625 0.025 0.03359375
0 0.1875 0.559375 0.03203125 0.04375
0 0.7546875 0.546875 0.04453125 0.06875
0 0.96015625 0.5625 0.028125 0.03359375
0 0.60703125 0.64375 0.02734375 0.04140625
0 0.22265625 0.55390625 0.034375 0.04609375
0 0.3984375 0.6125 0.03671875 0.05390625
0 0.946875 0.353125 0.034375 0.02265625
0 0.9109375 0.44140625 0.0421875 0.04609375
0 0.59375 0.59921875 0.02578125 0.04765625
0 0.4015625 0.55546875 0.03046875 0.03515625
0 0.47890625 0.609375 0.02578125 0.04765625
0 0.225 0.58125 0.03046875 0.05859375
0 0.24609375 0.640625 0.03046875 0.03515625
