0 0.70625 0.46171875 0.02734375 0.06015625
0 0.0546875 0.653125 0.0671875 0.05234375
0 0.66484375 0.546875 0.04375 0.04375
0 0.665625 0.41796875 0.0375 0.06875
0 0.88359375 0.478125 0.046875 0.07734375
0 0.57890625 0.521875 0.0296875 0.03984375
0 0.86796875 0.540625 0.06015625 0.05234375
0 0.82890625 0.73125 0.034375 0.0375
0 0.9640625 0.56015625 0.06015625 0.04609375
0 0.8015625 0.61953125 0.04453125 0.04375
0 0.91953125 0.584375 0.0578125 0.04765625
0 0.70078125 0.59609375 0.0375 0.04140625
0 0.7859375 0.6625 0.0296875 0.04609375
0 0.84296875 0.42890625 0.0375 0.05
0 0.89296875 0.66640625 0.0625 0.05
0 0.95859375 0.68359375 0.04609375 0.05390625
0 0.76328125 0.43125 0.04140625 0.0375
0 0.81484375 0.715625 0.06328125 0.06875
0 0.85 0.590625 0.0515625 0.05234375
0 0.8078125 0.53984375 0.05625 0.04609375
0 0.7390625 0.60625 0.0390625 0.04609375
0 0.76328125 0.38203125 0.046875 0.05234375
0 0.96875 0.48984375 0.053125 0.05859375
0 0.91796875 0.63984375 0.0609375 0.05
0 0.01875 0.565625 0.0375 0.06484375
0 0.9578125 0.43828125 0.065625 0.06484375
0 0.54296875 0.43125 0.03828125 0.07734375
0 0.46796875 0.3125 0.04296875 0.06796875
