0 0.5828125 0.26484375 0.04140625 0.09140625
0 0.47890625 0.31015625 0.0328125 0.08359375
0 0.54921875 0.34296875 0.0328125 0.05234375
0 0.60703125 0.75625 0.0421875 0.09140625
0 0.5984375 0.86875 0.03046875 0.07890625
0 0.45 0.35078125 0.0296875 0.06015625
0 0.65 0.76328125 0.03515625 0.08515625
0 0.4515625 0.85078125 0.034375 0.12734375
0 0.4953125 0.96796875 0.0328125 0.06015625
0 0.41796875 0.93203125 0.04453125 0.11015625
0 0.58671875 0.659375 0.0375 0.04765625
0 0.3984375 0.40390625 0.0296875 0.09140625
0 0.365625 0.03359375 0.025 0.06640625
0 0.61171875 0.62578125 0.03203125 0.06875
0 0.40078125 0.81796875 0.0296875 0.06015625
0 0.52734375 0.84296875 0.02734375 0.09375
0 0.7484375 0.10546875 0.05546875 0.05625
0 0.553125 0.83984375 0.025 0.04609375
0 0.37890625 0.62734375 0.0390625 0.04609375
0 0.390625 0.03125 0.03515625 0.0625
0 0.37109375 0.390625 0.0390625 0.08984375
0 0.41015625 0.65 0.01328125 0.05
0 0.41015625 0.6625 0.02265625 0.075
0 0.5578125 0.01953125 0.028125 0.0390625
