0 0.653125 0.74453125 0.04609375 0.08125
0 0.4265625 0.31953125 0.0390625 0.04375
0 0.371875 0.29375 0.04921875 0.09609375
0 0.41015625 0.678125 0.04140625 0.08125
0 0.3109375 0.71875 0.0421875 0.05859375
0 0.1578125 0.725 0.053125 0.05859375
0 0.31484375 0.59765625 0.05390625 0.0875
0 0.25625 0.67578125 0.03671875 0.04375
0 0.296875 0.35234375 0.04453125 0.05390625
0 0.2671875 0.509375 0.06171875 0.0578125
0 0.27578125 0.44140625 0.06640625 0.04453125
0 0.2984375 0.40390625 0.0390625 0.05390625
0 0.33125 0.66328125 0.03671875 0.06015625
0 0.2625 0.57734375 0.04609375 0.05
0 0.69296875 0.63046875 0.034375 0.04375
0 0.61640625 0.65625 0.03515625 0.07109375
0 0.23203125 0.32890625 0.046875 0.06640625
0 0.3703125 0.459375 0.046875 0.0890625
0 0.33984375 0.45 0.0453125 0.04765625
0 0.3640625 0.40625 0.04140625 0.05
0 0.25 0.73203125 0.046875 0.05234375
0 0.11171875 0.671875 0.05078125 0.04765625
0 0.6296875 0.646875 0.0625 0.08984375
0 0.54375 0.684375 0.05 0.06484375
0 0.6296875 0.621875 0.0625 0.03984375
0 0.18046875 0.6625 0.0359375 0.059375
0 0.21015625 0.603125 0.03984375 0.07265625
0 0.52109375 0.503125 0.04140625 0.08515625
0 0.2375 0.47265625 0.05859375 0.0546875
0 0.18828125 0.47734375 0.0484375 0.0578125
0 0.19140625 0.4140625 0.07578125 0.04375
0 0.1171875 0.60546875 0.059375 0.05546875
0 0.13046875 0.54453125 0.04765625 0.046875
0 0.14765625 0.50625 0.05234375 0.0453125
0 0.16484375 0.59609375 0.04375 0.05
0 0.05546875 0.678125 0.0625 0.06484375
0 0.06796875 0.625 0.05234375 0.040625
0 0.18515625 0.334375 0.05078125 0.0546875
0 0.1421875 0.3390625 0.046875 0.05234375
0 0.084375 0.375 0.07109375 0.053125
0 0.084375 0.3296875 0.07578125 0.05625
0 0.10390625 0.43515625 0.06484375 0.05078125
0 0.07109375 0.53828125 0.0671875 0.0484375
0 0.0625 0.5125 0.06640625 0.0421875
0 0.06328125 0.46015625 0.06796875 0.04921875
0 0.39296875 0.62890625 0.0453125 0.0484375
