0 0.48203125 0.490625 0.034375 0.06015625
0 0.6671875 0.46171875 0.0484375 0.10625
0 0.31640625 0.740625 0.0484375 0.06875
0 0.3609375 0.621875 0.04140625 0.05234375
0 0.2578125 0.64921875 0.05078125 0.06484375
0 0.959375 0.49609375 0.053125 0.1375
0 0.3640625 0.50390625 0.04453125 0.05859375
0 0.225 0.33671875 0.0578125 0.10625
0 0.26875 0.45390625 0.0421875 0.09140625
0 0.425 0.353125 0.028125 0.06015625
0 0.31875 0.584375 0.0390625 0.10234375
0 0.9609375 0.55234375 0.04140625 0.025
0 0.0515625 0.27265625 0.075 0.08359375
0 0.9578125 0.91875 0.05390625 0.15859375
0 0.1828125 0.4578125 0.0296875 0.0734375
0 0.22109375 0.42421875 0.04375 0.05234375
0 0.534375 0.446875 0.04453125 0.06484375
0 0.321875 0.55625 0.0296875 0.05
0 0.8078125 0.63046875 0.06953125 0.07734375
0 0.1703125 0.384375 0.0515625 0.06875
0 0.04140625 0.35859375 0.05625 0.06640625
0 0.96015625 0.50078125 0.0515625 0.03984375
0 0.14921875 0.528125 0.0578125 0.0828125
0 0.16171875 0.615625 0.04609375 0.08359375
0 0.1078125 0.6734375 0.05625 0.07734375
0 0.1015625 0.596875 0.0515625 0.07265625
0 0.07734375 0.496875 0.04921875 0.08203125
0 0.0984375 0.51328125 0.0421875 0.0671875
0 0.13046875 0.4625 0.04921875 0.06484375
0 0.0890625 0.415625 0.05625 0.0921875
0 0.03359375 0.5703125 0.05625 0.10234375
0 0.13125 0.375 0.0609375 0.0796875
