0 0.41875 0.44765625 0.02109375 0.05
0 0.3765625 0.37265625 0.03203125 0.04609375
0 0.259375 0.428125 0.03046875 0.04375
0 0.81796875 0.37734375 0.03046875 0.04609375
0 0.5125 0.61640625 0.02265625 0.06640625
0 0.484375 0.51953125 0.025 0.04375
0 0.2984375 0.47890625 0.02265625 0.04609375
0 0.690625 0.55078125 0.034375 0.03984375
0 0.58046875 0.45234375 0.02421875 0.07421875
0 0.609375 0.40859375 0.025 0.04609375
0 0.37890625 0.50234375 0.025 0.04140625
0 0.75546875 0.471875 0.0390625 0.04765625
0 0.3234375 0.6625 0.028125 0.046875
0 0.36171875 0.6359375 0.040625 0.065625
0 0.3640625 0.5875 0.02734375 0.0375
0 0.21328125 0.47734375 0.03046875 0.04140625
0 0.88515625 0.92109375 0.02109375 0.05390625
0 0.19453125 0.578125 0.028125 0.06015625
0 0.240625 0.5859375 0.0390625 0.0578125
0 0.2390625 0.51640625 0.03671875 0.0375
0 0.06953125 0.39921875 0.0515625 0.04375
0 0.82890625 0.740625 0.04453125 0.04375
0 0.89140625 0.459375 0.0484375 0.04765625
0 0.86640625 0.40546875 0.04140625 0.04375
0 0.26484375 0.6546875 0.03671875 0.05859375
0 0.2859375 0.58046875 0.025 0.03515625
0 0.74375 0.565625 0.04140625 0.03515625
0 0.42109375 0.60703125 0.04375 0.05625
0 0.41796875 0.55625 0.0234375 0.0375
0 0.41328125 0.61171875 0.01875 0.04375
0 0.315625 0.61875 0.02578125 0.0375
0 0.46484375 0.4828125 0.02109375 0.03515625
0 0.47265625 0.446875 0.0203125 0.03515625
0 0.06953125 0.44140625 0.03984375 0.04140625
0 0.60390625 0.55625 0.03203125 0.0375
0 0.80390625 0.66953125 0.03515625 0.03515625
0 0.9765625 0.55625 0.04453125 0.05390625
0 0.9890625 0.55625 0.0203125 0.05390625
0 0.634375 0.62421875 0.03515625 0.0703125
0 0.67109375 0.59140625 0.03515625 0.03359375
0 0.88671875 0.628125 0.04609375 0.04375
0 0.07421875 0.36328125 0.0484375 0.03515625
0 0.15 0.575 0.0375 0.06875
0 0.17109375 0.5 0.04140625 0.0375
0 0.00625 0.39453125 0.01171875 0.03984375
0 0.78046875 0.49921875 0.03515625 0.0625
0 0.81171875 0.521875 0.03125 0.059375
0 0.828125 0.60703125 0.03828125 0.059375
