0 0.475 0.74453125 0.03203125 0.07265625
0 0.0671875 0.42734375 0.075 0.05390625
0 0.09609375 0.60234375 0.065625 0.07109375
0 0.08046875 0.271875 0.08828125 0.07265625
0 0.33359375 0.653125 0.05078125 0.06484375
0 0.18359375 0.25859375 0.05546875 0.07109375
0 0.2671875 0.72578125 0.06015625 0.06875
0 0.021875 0.659375 0.04375 0.05625
0 0.1171875 0.71484375 0.0890625 0.10390625
0 0.2828125 0.51328125 0.05390625 0.08984375
0 0.25390625 0.840625 0.04453125 0.05625
0 0.290625 0.34140625 0.0578125 0.07109375
0 0.4421875 0.36171875 0.0421875 0.12265625
0 0.1796875 0.640625 0.04453125 0.06484375
0 0.47578125 0.5625 0.0296875 0.05390625
0 0.58203125 0.81015625 0.03515625 0.07109375
0 0.2 0.4125 0.08125 0.0625
0 0.58359375 0.67265625 0.04609375 0.05859375
0 0.40390625 0.61484375 0.03046875 0.09140625
0 0.58125 0.58984375 0.02734375 0.05859375
0 0.3640625 0.56484375 0.03203125 0.06640625
0 0.5140625 0.58984375 0.02578125 0.05
0 0.31796875 0.42421875 0.0328125 0.06015625
0 0.57734375 0.44296875 0.0328125 0.09765625
0 0.54765625 0.703125 0.034375 0.06015625
0 0.1453125 0.44921875 0.04453125 0.07734375
0 0.26328125 0.78828125 0.04609375 0.08125
0 0.3609375 0.45390625 0.04140625 0.1
0 0.1453125 0.69140625 0.05078125 0.05859375
0 0.0265625 0.55546875 0.053125 0.07734375
0 0.0109375 0.32421875 0.021875 0.0203125
0 0.10234375 0.73203125 0.0578125 0.06875
0 0.4453125 0.52421875 0.03671875 0.06015625
0 0.0109375 0.34921875 0.021875 0.0703125
0 0.38046875 0.39140625 0.0546875 0.07734375
0 0.3984375 0.4859375 0.0296875 0.07109375
