0 0.5296875 0.428125 0.03203125 0.07734375
0 0.696875 0.415625 0.0390625 0.05234375
0 0.69921875 0.48203125 0.03671875 0.05234375
0 0.23984375 0.175 0.090625 0.08359375
0 0.22890625 0.175 0.046875 0.08359375
0 0.23046875 0.38828125 0.04140625 0.06015625
0 0.303125 0.40234375 0.04140625 0.04140625
0 0.60625 0.43125 0.034375 0.05
0 0.60703125 0.36875 0.028125 0.05390625
0 0.3078125 0.69921875 0.06484375 0.11015625
0 0.34296875 0.49296875 0.03515625 0.10234375
0 0.10703125 0.46796875 0.05625 0.05234375
0 0.79453125 0.35078125 0.03046875 0.05625
0 0.4328125 0.63515625 0.02734375 0.05
0 0.4984375 0.45546875 0.02734375 0.05234375
0 0.55 0.5796875 0.034375 0.07109375
0 0.54765625 0.4875 0.04140625 0.05
0 0.68046875 0.478125 0.07265625 0.06015625
0 0.44609375 0.403125 0.03515625 0.05234375
0 0.40625 0.32109375 0.0140625 0.04609375
0 0.4046875 0.51796875 0.03046875 0.05234375
0 0.39765625 0.415625 0.03515625 0.04765625
0 0.4890625 0.58359375 0.03203125 0.05390625
0 0.07734375 0.30703125 0.065625 0.05234375
0 0.04765625 0.36484375 0.06015625 0.04140625
0 0.4984375 0.53984375 0.0234375 0.04140625
0 0.13359375 0.59375 0.07734375 0.0625
0 0.27734375 0.48125 0.04609375 0.08359375
0 0.43515625 0.56484375 0.03046875 0.07890625
0 0.59375 0.5765625 0.03359375 0.06796875
0 0.58671875 0.51484375 0.028125 0.04609375
0 0.078125 0.65625 0.06015625 0.06640625
0 0.66484375 0.46875 0.04140625 0.04140625
0 0.2890625 0.50703125 0.06484375 0.03984375
