0 0.67890625 0.496875 0.04375 0.10625
0 0.521875 0.73828125 0.04375 0.06015625
0 0.57265625 0.509375 0.03515625 0.06875
0 0.71484375 0.715625 0.0375 0.07734375
0 0.778125 0.77734375 0.05390625 0.0625
0 0.0578125 0.51171875 0.06953125 0.04375
0 0.35859375 0.69453125 0.025 0.05234375
0 0.575 0.578125 0.075 0.05234375
0 0.65703125 0.71171875 0.04453125 0.05625
0 0.3765625 0.48671875 0.0390625 0.03984375
0 0.8203125 0.92421875 0.071875 0.15
0 0.49921875 0.59765625 0.034375 0.05859375
0 0.58984375 0.68125 0.025 0.0625
0 0.8546875 0.66875 0.05546875 0.06640625
0 0.8046875 0.66328125 0.05078125 0.04375
0 0.775 0.70546875 0.05078125 0.06015625
0 0.93828125 0.521875 0.05078125 0.06015625
0 0.89453125 0.565625 0.05390625 0.06484375
0 0.859375 0.79609375 0.0578125 0.07890625
0 0.8515625 0.775 0.04140625 0.04140625
0 0.60234375 0.76640625 0.0421875 0.05390625
0 0.88984375 0.52265625 0.0515625 0.06640625
0 0.61171875 0.8625 0.02578125 0.05
0 0.3390625 0.65234375 0.0375 0.06640625
0 0.6140625 0.8375 0.04140625 0.1
0 0.321875 0.58984375 0.02265625 0.03359375
0 0.36640625 0.43359375 0.0484375 0.0625
0 0.5296875 0.65390625 0.0234375 0.05390625
0 0.9265625 0.740625 0.0484375 0.05234375
0 0.965625 0.67890625 0.0671875 0.07890625
0 0.04609375 0.575 0.0390625 0.06640625
0 0.975 0.47734375 0.046875 0.04140625
0 0.0171875 0.62890625 0.034375 0.04140625
0 0.36796875 0.44921875 0.04375 0.03515625
0 0.32734375 0.59921875 0.0328125 0.05234375
0 0.01328125 0.5484375 0.0265625 0.040625
0 0.98984375 0.56640625 0.01796875 0.02109375
