0 0.47734375 0.21953125 0.01796875 0.04375
0 0.48046875 0.975 0.02734375 0.04609375
0 0.48515625 0.36640625 0.0203125 0.04140625
0 0.82890625 0.21328125 0.03671875 0.06875
0 0.5875 0.23046875 0.02265625 0.05234375
0 0.3546875 0.778125 0.02734375 0.05234375
0 0.30546875 0.97578125 0.0328125 0.04375
0 0.51796875 0.65078125 0.02265625 0.04375
0 0.353125 0.61015625 0.03046875 0.05859375
0 0.53125 0.36875 0.03203125 0.05859375
0 0.50234375 0.24765625 0.0234375 0.04140625
0 0.55625 0.40703125 0.0375 0.06015625
0 0.609375 0.565625 0.0515625 0.06015625
0 0.56171875 0.209375 0.0296875 0.06015625
0 0.42265625 0.68984375 0.0328125 0.0875
0 0.45546875 0.94609375 0.0234375 0.04140625
0 0.3671875 0.67421875 0.0234375 0.06015625
0 0.31015625 0.77578125 0.034375 0.08984375
0 0.2578125 0.98671875 0.02734375 0.02265625
0 0.59609375 0.57265625 0.02578125 0.04140625
0 0.3734375 0.91484375 0.0203125 0.07890625
0 0.33359375 0.86640625 0.01796875 0.0375
0 0.34453125 0.921875 0.03203125 0.05234375
0 0.528125 0.57890625 0.01875 0.05
0 0.39296875 0.97109375 0.03203125 0.05390625
0 0.390625 0.73046875 0.03046875 0.04375
0 0.22578125 0.98046875 0.034375 0.03515625
0 0.5640625 0.196875 0.025 0.03515625
0 0.49296875 0.63671875 0.02578125 0.05625
0 0.3265625 0.88203125 0.03203125 0.06484375
0 0.684375 0.3234375 0.0328125 0.08203125
0 0.5015625 0.58203125 0.02578125 0.06875
