0 0.91953125 0.58515625 0.034375 0.05390625
0 0.25859375 0.43515625 0.03515625 0.05
0 0.93359375 0.609375 0.02734375 0.03515625
0 0.02890625 0.42734375 0.053125 0.07109375
0 0.5109375 0.48046875 0.0203125 0.03125
0 0.5890625 0.55 0.04609375 0.0484375
0 0.5921875 0.48984375 0.0203125 0.03359375
0 0.3078125 0.515625 0.028125 0.05078125
0 0.33125 0.46171875 0.02578125 0.05234375
0 0.04375 0.328125 0.05859375 0.04375
0 0.63828125 0.42421875 0.0296875 0.03515625
0 0.1828125 0.4125 0.0359375 0.04296875
0 0.1515625 0.490625 0.0359375 0.03984375
0 0.11484375 0.49296875 0.02421875 0.05390625
0 0.08359375 0.48671875 0.02890625 0.05703125
0 0.1875 0.56640625 0.0359375 0.04375
0 0.15703125 0.6125 0.03359375 0.06328125
0 0.16796875 0.73125 0.0375 0.06171875
0 0.20078125 0.665625 0.02421875 0.05078125
0 0.196875 0.62109375 0.025 0.0375
0 0.228125 0.6609375 0.02109375 0.05078125
0 0.25390625 0.6421875 0.025 0.0453125
0 0.24453125 0.55234375 0.03203125 0.05390625
0 0.2078125 0.525 0.0296875 0.046875
0 0.21484375 0.475 0.0359375 0.06484375
0 0.25078125 0.5125 0.025 0.03984375
0 0.26953125 0.5546875 0.0296875 0.03828125
0 0.2859375 0.62265625 0.0296875 0.04765625
0 0.3265625 0.646875 0.03125 0.06875
0 0.378125 0.53046875 0.02265625 0.04296875
0 0.340625 0.60859375 0.0203125 0.03359375
0 0.3421875 0.56484375 0.02421875 0.0484375
0 0.33828125 0.52421875 0.0265625 0.0421875
0 0.37421875 0.60625 0.02109375 0.04765625
0 0.41171875 0.59921875 0.021875 0.02890625
0 0.41015625 0.66640625 0.02421875 0.0375
0 0.434375 0.62109375 0.02421875 0.0453125
0 0.41328125 0.52265625 0.021875 0.0515625
0 0.4515625 0.5515625 0.02109375 0.05
0 0.53828125 0.73359375 0.0234375 0.05
0 0.55859375 0.71484375 0.02890625 0.03046875
0 0.5625 0.6734375 0.02578125 0.040625
0 0.5734375 0.628125 0.03359375 0.0484375
0 0.49921875 0.61875 0.02890625 0.05078125
0 0.46171875 0.65 0.02734375 0.0453125
0 0.42734375 0.69609375 0.021875 0.0390625
0 0.375 0.6609375 0.025 0.03828125
0 0.3046875 0.57734375 0.0234375 0.0421875
