0 0.48359375 0.23984375 0.03515625 0.08359375
0 0.5609375 0.41796875 0.0328125 0.05625
0 0.64375 0.83359375 0.034375 0.08359375
0 0.596875 0.92890625 0.03203125 0.08359375
0 0.59140625 0.33359375 0.03984375 0.05859375
0 0.3875 0.10390625 0.06328125 0.0875
0 0.57421875 0.0875 0.03046875 0.05859375
0 0.7515625 0.13828125 0.05390625 0.05625
0 0.40078125 0.71484375 0.0296875 0.07109375
0 0.37421875 0.65390625 0.0328125 0.07890625
0 0.44609375 0.79296875 0.0328125 0.12734375
0 0.453125 0.26953125 0.03046875 0.04375
0 0.40625 0.46796875 0.02578125 0.08515625
0 0.446875 0.87109375 0.03203125 0.05859375
0 0.40234375 0.85234375 0.0203125 0.0375
0 0.5828125 0.71640625 0.03203125 0.05390625
0 0.60703125 0.69375 0.03515625 0.0625
0 0.36875 0.10390625 0.02734375 0.0875
0 0.59453125 0.07578125 0.0296875 0.08125
0 0.48359375 0.96328125 0.0421875 0.06875
0 0.60234375 0.81875 0.03671875 0.09140625
0 0.40078125 0.09921875 0.0390625 0.06875
0 0.41328125 0.959375 0.05390625 0.07734375
0 0.53984375 0.80078125 0.0234375 0.07265625
0 0.48046875 0.87265625 0.04609375 0.09609375
0 0.51328125 0.77578125 0.02734375 0.05625
0 0.38515625 0.446875 0.0421875 0.06875
