0 0.559375 0.69453125 0.0296875 0.06484375
0 0.61875 0.675 0.0390625 0.075
0 0.7875 0.54765625 0.05625 0.09609375
0 0.5015625 0.66796875 0.03671875 0.06484375
0 0.5734375 0.49921875 0.03203125 0.10234375
0 0.1453125 0.59453125 0.05546875 0.05546875
0 0.46953125 0.53203125 0.07265625 0.11015625
0 0.40234375 0.72421875 0.04140625 0.06015625
0 0.75234375 0.64453125 0.04453125 0.05625
0 0.7109375 0.67109375 0.03984375 0.05390625
0 0.2671875 0.49921875 0.0484375 0.03515625
0 0.9 0.553125 0.09375 0.06015625
0 0.4 0.59375 0.02734375 0.05859375
0 0.47421875 0.84140625 0.01640625 0.05859375
0 0.73984375 0.790625 0.053125 0.08125
0 0.15234375 0.67734375 0.0390625 0.05
0 0.50078125 0.75859375 0.02734375 0.05
0 0.8453125 0.50390625 0.05546875 0.0625
0 0.6828125 0.70625 0.028125 0.05390625
0 0.43828125 0.64609375 0.0296875 0.05859375
0 0.81953125 0.76484375 0.06015625 0.0625
0 0.846875 0.725 0.0625 0.05390625
0 0.67109375 0.778125 0.03515625 0.06015625
0 0.5765625 0.47578125 0.02578125 0.05625
0 0.1453125 0.634375 0.0484375 0.03984375
0 0.25390625 0.42421875 0.02265625 0.03515625
0 0.48984375 0.81484375 0.025 0.06640625
0 0.25390625 0.45546875 0.04453125 0.04375
0 0.95234375 0.75234375 0.071875 0.07890625
0 0.484375 0.82578125 0.03671875 0.08984375
0 0.93046875 0.6375 0.05546875 0.08359375
0 0.859375 0.646875 0.06015625 0.04765625
0 0.98671875 0.56796875 0.0234375 0.03125
0 0.9875 0.63515625 0.02265625 0.025
0 0.965625 0.67109375 0.0609375 0.08359375
