0 0.2890625 0.465625 0.06015625 0.09765625
0 0.43359375 0.728125 0.04375 0.05625
0 0.50078125 0.53671875 0.06953125 0.11015625
0 0.8140625 0.54140625 0.06015625 0.09609375
0 0.7703125 0.79375 0.05390625 0.07890625
0 0.63984375 0.6875 0.03515625 0.06640625
0 0.5875 0.69921875 0.0296875 0.05625
0 0.84921875 0.77109375 0.0671875 0.075
0 0.71015625 0.696875 0.03046875 0.06875
0 0.74375 0.665625 0.0296875 0.05234375
0 0.52578125 0.66875 0.0375 0.08359375
0 0.46171875 0.63984375 0.0390625 0.05859375
0 0.42578125 0.590625 0.028125 0.05234375
0 0.59765625 0.5 0.04140625 0.10859375
0 0.2015625 0.68359375 0.06328125 0.05
0 0.1890625 0.63203125 0.03515625 0.03515625
0 0.60703125 0.47734375 0.0234375 0.0625
0 0.70078125 0.77734375 0.03515625 0.06640625
0 0.7890625 0.64921875 0.03046875 0.05625
0 0.94609375 0.646875 0.06328125 0.06875
0 0.18359375 0.609375 0.04609375 0.08125
0 0.878125 0.71875 0.06796875 0.0625
0 0.52578125 0.75390625 0.028125 0.05390625
0 0.86796875 0.50703125 0.05078125 0.05234375
0 0.88828125 0.64765625 0.06015625 0.05859375
0 0.96796875 0.734375 0.0578125 0.06484375
0 0.5953125 0.52890625 0.03671875 0.05
0 0.50078125 0.565625 0.06953125 0.05234375
0 0.5203125 0.834375 0.034375 0.09375
0 0.81328125 0.51640625 0.05859375 0.04609375
0 0.9421875 0.55234375 0.0625 0.06640625
0 0.91484375 0.51953125 0.0578125 0.05625
