0 0.2984375 0.9125 0.03984375 0.075
0 0.66171875 0.14765625 0.03046875 0.05390625
0 0.59765625 0.721875 0.0296875 0.04765625
0 0.51484375 0.91015625 0.02734375 0.0625
0 0.346875 0.86171875 0.04609375 0.10234375
0 0.6859375 0.15 0.034375 0.08359375
0 0.4328125 0.59609375 0.0203125 0.04609375
0 0.390625 0.40859375 0.03046875 0.05
0 0.4203125 0.44375 0.02109375 0.06640625
0 0.48046875 0.75078125 0.0296875 0.06875
0 0.44375 0.47109375 0.02578125 0.04609375
0 0.38515625 0.61640625 0.02578125 0.05
0 0.37734375 0.96171875 0.02734375 0.07265625
0 0.5171875 0.4 0.02265625 0.05
0 0.54375 0.83984375 0.02734375 0.04609375
0 0.50859375 0.74609375 0.025 0.0625
0 0.49140625 0.39140625 0.02734375 0.05390625
0 0.4625 0.31796875 0.03046875 0.03984375
0 0.471875 0.81953125 0.03515625 0.06484375
0 0.3640625 0.6125 0.01875 0.04140625
0 0.50390625 0.82890625 0.02578125 0.0625
0 0.571875 0.69609375 0.01875 0.03359375
0 0.48203125 0.571875 0.025 0.06015625
0 0.46015625 0.321875 0.01171875 0.03125
0 0.81328125 0.33515625 0.03359375 0.06484375
0 0.4125 0.925 0.02734375 0.071875
0 0.43046875 0.909375 0.02734375 0.08125
0 0.49375 0.609375 0.02734375 0.05234375
0 0.99296875 0.59765625 0.01171875 0.09609375
0 0.40859375 0.98125 0.03046875 0.03359375
