0 0.2328125 0.36953125 0.0484375 0.05234375
0 0.4796875 0.41484375 0.0375 0.07890625
0 0.73515625 0.56875 0.034375 0.1
0 0.2625 0.51484375 0.0390625 0.05
0 0.43046875 0.39921875 0.028125 0.05625
0 0.73125 0.425 0.0375 0.05390625
0 0.33984375 0.32109375 0.04140625 0.05390625
0 0.653125 0.44453125 0.02734375 0.07734375
0 0.1859375 0.68671875 0.053125 0.08515625
0 0.72734375 0.36875 0.03671875 0.05390625
0 0.62109375 0.61328125 0.04453125 0.05625
0 0.68203125 0.48671875 0.0375 0.04765625
0 0.55703125 0.609375 0.0359375 0.08984375
0 0.5875 0.52890625 0.0296875 0.04140625
0 0.65 0.17890625 0.046875 0.05390625
0 0.5421875 0.53125 0.01875 0.04140625
0 0.8453125 0.54296875 0.0421875 0.04375
0 0.07734375 0.28203125 0.05625 0.05234375
0 0.63515625 0.5125 0.0421875 0.05
0 0.58671875 0.43125 0.028125 0.0375
0 0.54609375 0.3875 0.028125 0.05390625
0 0.5625 0.4875 0.0296875 0.04140625
0 0.5515625 0.67890625 0.01875 0.05859375
0 0.83828125 0.47890625 0.04921875 0.04609375
0 0.4328125 0.52890625 0.06328125 0.05859375
0 0.80546875 0.528125 0.05390625 0.06015625
0 0.68203125 0.61015625 0.03984375 0.04140625
0 0.4046875 0.48203125 0.02578125 0.05234375
0 0.36953125 0.40625 0.03984375 0.0625
0 0.18515625 0.61171875 0.03984375 0.04375
