0 0.96796875 0.69921875 0.0625 0.05625
0 0.14296875 0.32421875 0.046875 0.04765625
0 0.2328125 0.39765625 0.053125 0.04140625
0 0.25859375 0.51875 0.053125 0.075
0 0.1546875 0.4 0.0515625 0.075
0 0.07890625 0.34375 0.06953125 0.07890625
0 0.62265625 0.4625 0.034375 0.05
0 0.259375 0.67109375 0.04921875 0.06640625
0 0.1875 0.68203125 0.04453125 0.07265625
0 0.5359375 0.35390625 0.04140625 0.07109375
0 0.35546875 0.39296875 0.0375 0.04765625
0 0.03203125 0.43671875 0.06328125 0.07734375
0 0.53671875 0.42421875 0.02578125 0.05234375
0 0.33046875 0.51015625 0.03671875 0.04140625
0 0.0484375 0.14296875 0.0859375 0.08515625
0 0.6265625 0.39609375 0.02109375 0.0375
0 0.51640625 0.54140625 0.03984375 0.10390625
0 0.31171875 0.46875 0.03203125 0.05390625
0 0.41640625 0.55 0.04140625 0.05
0 0.609375 0.38515625 0.025 0.0375
0 0.5875 0.45859375 0.034375 0.03359375
0 0.46640625 0.47421875 0.0390625 0.04375
0 0.68046875 0.32109375 0.0296875 0.025
0 0.378125 0.71953125 0.05625 0.10234375
0 0.36875 0.58046875 0.03671875 0.05234375
0 0.01484375 0.64609375 0.0296875 0.05859375
0 0.05078125 0.51484375 0.06953125 0.0625
0 0.42109375 0.43515625 0.0328125 0.05
0 0.1 0.65234375 0.04453125 0.05
0 0.10390625 0.60390625 0.04140625 0.04609375
0 0.20859375 0.48359375 0.0671875 0.04609375
0 0.3859375 0.47265625 0.0375 0.05390625
0 0.1 0.68984375 0.04375 0.0375
0 0.42421875 0.496875 0.03203125 0.04375
0 0.0375 0.59609375 0.06328125 0.0375
0 0.47265625 0.54375 0.0203125 0.0375
0 0.19765625 0.43203125 0.05078125 0.04375
0 0.51796875 0.571875 0.03515625 0.04375
0 0.44921875 0.39765625 0.03515625 0.07890625
0 0.36171875 0.446875 0.04453125 0.05234375
0 0.02734375 0.65078125 0.05390625 0.04765625
