0 0.321875 0.76484375 0.04921875 0.06640625
0 0.3203125 0.56484375 0.03984375 0.0625
0 0.26328125 0.65703125 0.03515625 0.04765625
0 0.7984375 0.40546875 0.04609375 0.04765625
0 0.6921875 0.47890625 0.03046875 0.05
0 0.5890625 0.76640625 0.03984375 0.0625
0 0.521875 0.52421875 0.025 0.05234375
0 0.246875 0.51640625 0.0390625 0.09609375
0 0.60234375 0.68203125 0.04140625 0.06015625
0 0.20625 0.60234375 0.04609375 0.03359375
0 0.7125 0.59609375 0.03515625 0.0375
0 0.0296875 0.32734375 0.059375 0.0484375
0 0.9734375 0.40078125 0.04609375 0.04375
0 0.6 0.55078125 0.028125 0.06015625
0 0.8171875 0.521875 0.05078125 0.04375
0 0.69453125 0.778125 0.03515625 0.06015625
0 0.06484375 0.396875 0.12421875 0.07265625
0 0.765625 0.62265625 0.03671875 0.05
0 0.196875 0.703125 0.0609375 0.05234375
0 0.12890625 0.48984375 0.06015625 0.08359375
0 0.68984375 0.53828125 0.04453125 0.05234375
0 0.7921875 0.70703125 0.0515625 0.05625
0 0.140625 0.60859375 0.0515625 0.05
0 0.46328125 0.75078125 0.03515625 0.04765625
0 0.409375 0.58671875 0.0234375 0.06015625
0 0.390625 0.77734375 0.0375 0.0375
0 0.71640625 0.715625 0.04375 0.06015625
0 0.48671875 0.72265625 0.028125 0.05390625
0 0.15546875 0.54921875 0.07890625 0.05234375
0 0.76640625 0.35390625 0.0421875 0.04609375
0 0.5625 0.70078125 0.028125 0.04765625
0 0.39765625 0.66328125 0.0390625 0.05234375
0 0.0734375 0.528125 0.06015625 0.04765625
0 0.8453125 0.62265625 0.0390625 0.03359375
0 0.38203125 0.80859375 0.03671875 0.0625
0 0.45625 0.53203125 0.04140625 0.04765625
0 0.57578125 0.60234375 0.025 0.0625
0 0.35703125 0.68515625 0.0390625 0.05859375
0 0.45390625 0.47890625 0.0234375 0.04609375
0 0.06171875 0.64375 0.0671875 0.05
0 0.8734375 0.67421875 0.0484375 0.05625
0 0.19375 0.62578125 0.03515625 0.04765625
0 0.140625 0.690625 0.0609375 0.05234375
0 0.14296875 0.73203125 0.0625 0.03515625
0 0.5484375 0.665625 0.0484375 0.05625
