0 0.56484375 0.75 0.03203125 0.07890625
0 0.3453125 0.28984375 0.03515625 0.04140625
0 0.578125 0.646875 0.0390625 0.03984375
0 0.22734375 0.71484375 0.065625 0.05859375
0 0.034375 0.31875 0.065625 0.04609375
0 0.2703125 0.35859375 0.04296875 0.053125
0 0.28515625 0.29296875 0.05625 0.08125
0 0.525 0.63671875 0.0484375 0.09375
0 0.44296875 0.45234375 0.04140625 0.04609375
0 0.30390625 0.490625 0.04375 0.07578125
0 0.3375 0.446875 0.0390625 0.06328125
0 0.36640625 0.403125 0.0359375 0.05703125
0 0.35703125 0.35625 0.03046875 0.05
0 0.11171875 0.37421875 0.06328125 0.04765625
0 0.3140625 0.69296875 0.03671875 0.05625
0 0.565625 0.72734375 0.028125 0.03359375
0 0.31328125 0.68515625 0.0375 0.1125
0 0.159375 0.68515625 0.0578125 0.10859375
0 0.515625 0.653125 0.0296875 0.05625
0 0.53203125 0.61171875 0.034375 0.04375
0 0.4296875 0.40703125 0.03515625 0.05546875
0 0.621875 0.53359375 0.0375 0.075
0 0.33984375 0.5125 0.0453125 0.06953125
0 0.30859375 0.40625 0.0453125 0.065625
0 0.215625 0.475 0.04453125 0.0625
0 0.22578125 0.3921875 0.0453125 0.0640625
0 0.16328125 0.4671875 0.05078125 0.059375
0 0.17109375 0.4140625 0.0515625 0.05390625
0 0.18125 0.36796875 0.05625 0.05234375
0 0.11796875 0.47734375 0.05234375 0.05390625
0 0.17890625 0.5625 0.0453125 0.06640625
0 0.2328125 0.58671875 0.059375 0.0515625
0 0.215625 0.528125 0.04375 0.05546875
0 0.2625 0.496875 0.0609375 0.04921875
0 0.08046875 0.6984375 0.07265625 0.06640625
0 0.08828125 0.64375 0.05 0.05859375
0 0.09453125 0.5859375 0.04609375 0.053125
0 0.13203125 0.58203125 0.05234375 0.05078125
0 0.065625 0.5328125 0.05546875 0.0578125
0 0.078125 0.446875 0.065625 0.0671875
0 0.43046875 0.6921875 0.05234375 0.06171875
