0 0.83359375 0.73359375 0.0625 0.09140625
0 0.58828125 0.42265625 0.0375 0.04609375
0 0.8953125 0.63984375 0.071875 0.04609375
0 0.76015625 0.72421875 0.0484375 0.07734375
0 0.4328125 0.73359375 0.02578125 0.1125
0 0.484375 0.62109375 0.0390625 0.04609375
0 0.32890625 0.44609375 0.053125 0.05
0 0.590625 0.63828125 0.0484375 0.10234375
0 0.50859375 0.72890625 0.03515625 0.0625
0 0.15234375 0.73984375 0.06015625 0.07890625
0 0.365625 0.58828125 0.025 0.05234375
0 0.33203125 0.77265625 0.0421875 0.05859375
0 0.54765625 0.36171875 0.0390625 0.04375
0 0.5296875 0.30859375 0.02734375 0.05390625
0 0.22578125 0.7 0.06015625 0.07890625
0 0.29375 0.54609375 0.04453125 0.05859375
0 0.17109375 0.63828125 0.06015625 0.06015625
0 0.04375 0.175 0.06953125 0.07109375
0 0.0890625 0.71015625 0.0703125 0.05390625
0 0.29375 0.67578125 0.04375 0.08984375
0 0.35390625 0.67578125 0.02734375 0.05625
0 0.81875 0.61796875 0.04140625 0.04765625
0 0.15859375 0.30625 0.05859375 0.06640625
0 0.43203125 0.51484375 0.0234375 0.04609375
0 0.51328125 0.66015625 0.03203125 0.05859375
0 0.22734375 0.43984375 0.06484375 0.05390625
0 0.10234375 0.540625 0.05625 0.06484375
0 0.22578125 0.553125 0.04375 0.05234375
0 0.16484375 0.56953125 0.034375 0.06015625
0 0.1640625 0.3625 0.0484375 0.05390625
0 0.240625 0.38828125 0.04453125 0.04765625
0 0.296875 0.69609375 0.03046875 0.05
0 0.11796875 0.65234375 0.0390625 0.07109375
0 0.3203125 0.61484375 0.03046875 0.07109375
0 0.80546875 0.653125 0.05546875 0.05625
0 0.21953125 0.51484375 0.03515625 0.04140625
0 0.02734375 0.5859375 0.0484375 0.0609375
0 0.0359375 0.525 0.05 0.0453125
0 0.02109375 0.50703125 0.0390625 0.0546875
0 0.0609375 0.44140625 0.06640625 0.05234375
0 0.0375 0.4109375 0.06875 0.05234375
0 0.05859375 0.36875 0.0796875 0.04609375
0 0.03125 0.29296875 0.0625 0.04765625
0 0.0625 0.6125 0.0671875 0.05390625
0 0.47265625 0.565625 0.03671875 0.04765625
0 0.13046875 0.48125 0.053125 0.040625
0 0.14609375 0.4421875 0.0640625 0.04453125
