0 0.7171875 0.56484375 0.046875 0.0625
0 0.52265625 0.89140625 0.04375 0.07109375
0 0.321875 0.82421875 0.03984375 0.07734375
0 0.7046875 0.7875 0.04609375 0.09609375
0 0.84140625 0.78203125 0.0796875 0.07734375
0 0.04375 0.29765625 0.0796875 0.07109375
0 0.2234375 0.315625 0.06015625 0.13125
0 0.196875 0.696875 0.05390625 0.06015625
0 0.121875 0.41015625 0.075 0.05
0 0.79609375 0.60625 0.0609375 0.07109375
0 0.0984375 0.459375 0.07265625 0.06015625
0 0.04453125 0.515625 0.07734375 0.05625
0 0.1453125 0.621875 0.053125 0.09375
0 0.58515625 0.41171875 0.04140625 0.07265625
0 0.04921875 0.64765625 0.07734375 0.05
0 0.4828125 0.48046875 0.03671875 0.07265625
0 0.3265625 0.365625 0.04375 0.08125
0 0.26484375 0.62734375 0.04375 0.075
0 0.65703125 0.596875 0.04453125 0.06015625
0 0.403125 0.48671875 0.0484375 0.06484375
0 0.42578125 0.75859375 0.06484375 0.05859375
0 0.50078125 0.56796875 0.05078125 0.09375
0 0.64921875 0.696875 0.0515625 0.11015625
0 0.81015625 0.66953125 0.08359375 0.06484375
0 0.77734375 0.721875 0.0484375 0.08125
0 0.04609375 0.69609375 0.07421875 0.05390625
0 0.3109375 0.465625 0.05625 0.06484375
0 0.36484375 0.68828125 0.03984375 0.05234375
0 0.31953125 0.56484375 0.03671875 0.05
0 0.3484375 0.51640625 0.03984375 0.05
0 0.42578125 0.81953125 0.0296875 0.07265625
0 0.5484375 0.515625 0.03203125 0.08984375
0 0.3078125 0.67578125 0.03984375 0.06875
0 0.63125 0.48984375 0.04140625 0.05390625
0 0.11796875 0.34296875 0.08125 0.08125
0 0.159375 0.64765625 0.05625 0.04140625
0 0.540625 0.484375 0.04140625 0.06875
0 0.23203125 0.35 0.04140625 0.0625
0 0.50390625 0.659375 0.03046875 0.06015625
0 0.1515625 0.60078125 0.065625 0.05234375
