0 0.79765625 0.5484375 0.034375 0.0484375
0 0.7796875 0.50703125 0.03984375 0.0515625
0 0.78671875 0.46171875 0.0203125 0.03203125
0 0.79609375 0.41796875 0.0390625 0.0546875
0 0.82265625 0.33671875 0.0234375 0.02734375
0 0.69921875 0.39140625 0.0328125 0.07890625
0 0.7890625 0.59140625 0.02265625 0.02890625
0 0.95 0.6140625 0.04453125 0.04140625
0 0.9375 0.575 0.05703125 0.05078125
0 0.9421875 0.53984375 0.034375 0.025
0 0.8765625 0.61015625 0.03515625 0.0609375
0 0.87890625 0.56953125 0.02109375 0.03515625
0 0.8203125 0.48984375 0.0296875 0.04375
0 0.82265625 0.44140625 0.01875 0.025
0 0.79765625 0.38671875 0.02265625 0.03125
0 0.96015625 0.940625 0.0375 0.08984375
0 0.95078125 0.65078125 0.04453125 0.05078125
