0 0.596875 0.63515625 0.02265625 0.05859375
0 0.3046875 0.25390625 0.02265625 0.04140625
0 0.5421875 0.57578125 0.02109375 0.03515625
0 0.26796875 0.27109375 0.02109375 0.04140625
0 0.48359375 0.73203125 0.0140625 0.03125
0 0.17890625 0.48203125 0.02265625 0.05234375
0 0.4109375 0.23984375 0.02109375 0.04609375
0 0.5984375 0.8125 0.02109375 0.0375
0 0.23125 0.01328125 0.021875 0.0265625
0 0.27109375 0.246875 0.01875 0.03984375
0 0.29375 0.28125 0.01640625 0.03359375
0 0.34765625 0.3375 0.01875 0.04140625
0 0.428125 0.63203125 0.01796875 0.03125
0 0.4078125 0.48359375 0.015625 0.03828125
0 0.41328125 0.42265625 0.01640625 0.03359375
0 0.44453125 0.7 0.01328125 0.025
0 0.4515625 0.365625 0.01328125 0.03125
0 0.39140625 0.346875 0.0203125 0.03515625
0 0.54296875 0.8375 0.01796875 0.0625
0 0.44765625 0.48671875 0.03515625 0.04140625
0 0.43203125 0.45703125 0.01640625 0.034375
0 0.453125 0.51875 0.02890625 0.04453125
0 0.48125 0.5078125 0.01796875 0.05234375
0 0.49140625 0.43125 0.01875 0.0375
0 0.4375 0.38125 0.0140625 0.04609375
0 0.3890625 0.19375 0.01796875 0.0375
0 0.48125 0.37421875 0.0140625 0.03125
0 0.54609375 0.82109375 0.01171875 0.02890625
0 0.58359375 0.48203125 0.0109375 0.03125
0 0.459375 0.67578125 0.01328125 0.02265625
0 0.45859375 0.57265625 0.021875 0.04921875
0 0.50234375 0.49765625 0.01640625 0.03359375
0 0.49453125 0.63515625 0.015625 0.02890625
0 0.3328125 0.34296875 0.0203125 0.03515625
0 0.39140625 0.49921875 0.015625 0.05234375
0 0.4984375 0.6 0.0140625 0.03359375
0 0.6140625 0.80625 0.009375 0.02109375
0 0.340625 0.14609375 0.025 0.04609375
0 0.56640625 0.74765625 0.02265625 0.05390625
0 0.53984375 0.84453125 0.01171875 0.04765625
0 0.31640625 0.55078125 0.01328125 0.03515625
0 0.578125 0.471875 0.025 0.05234375
0 0.390625 0.246875 0.02109375 0.05234375
0 0.3609375 0.42421875 0.015625 0.03515625
0 0.5625 0.76171875 0.01796875 0.02734375
0 0.5390625 0.85546875 0.0109375 0.02734375
0 0.465625 0.40546875 0.01640625 0.02734375
0 0.5265625 0.71640625 0.025 0.04609375
0 0.40625 0.5515625 0.01796875 0.04921875
0 0.42421875 0.56015625 0.015625 0.0359375
