0 0.6953125 0.05859375 0.03203125 0.1
0 0.66953125 0.04609375 0.02734375 0.0625
0 0.44375 0.40546875 0.03046875 0.03515625
0 0.5875 0.62578125 0.02265625 0.05234375
0 0.43046875 0.63984375 0.025 0.07109375
0 0.7953125 0.32421875 0.03359375 0.07421875
0 0.47734375 0.796875 0.03046875 0.06875
0 0.31328125 0.89453125 0.0328125 0.07265625
0 0.36015625 0.81875 0.04921875 0.10390625
0 0.4734375 0.61875 0.0296875 0.06640625
0 0.48984375 0.65078125 0.0296875 0.06484375
0 0.609375 0.64375 0.0234375 0.05
0 0.34140625 0.96171875 0.028125 0.07265625
0 0.40234375 0.35546875 0.03203125 0.04765625
0 0.48671875 0.43671875 0.02734375 0.06484375
0 0.38828125 0.55390625 0.0296875 0.07109375
0 0.51484375 0.78515625 0.02265625 0.0625
0 0.47734375 0.86796875 0.02109375 0.06484375
0 0.6203125 0.64453125 0.01328125 0.03984375
0 0.44453125 0.52265625 0.02578125 0.05
0 0.42421875 0.49453125 0.015625 0.06484375
0 0.5671875 0.78671875 0.02265625 0.04375
0 0.5609375 0.77578125 0.03515625 0.06484375
0 0.42734375 0.95234375 0.04453125 0.09140625
0 0.37109375 0.565625 0.03515625 0.04765625
0 0.53125 0.86015625 0.03671875 0.07109375
0 0.50390625 0.86328125 0.025 0.06875
0 0.41796875 0.48828125 0.02578125 0.05234375
0 0.5109375 0.44765625 0.025 0.0625
