0 0.33359375 0.62578125 0.02734375 0.05234375
0 0.578125 0.53125 0.0296875 0.0375
0 0.2296875 0.73671875 0.03046875 0.05234375
0 0.1125 0.95703125 0.03515625 0.04765625
0 0.409375 0.77890625 0.0234375 0.05390625
0 0.39765625 0.76171875 0.01796875 0.03515625
0 0.1875 0.91953125 0.0296875 0.05234375
0 0.453125 0.46171875 0.03046875 0.04765625
0 0.41015625 0.45234375 0.02734375 0.0375
0 0.17265625 0.896875 0.0234375 0.03125
0 0.3765625 0.57578125 0.025 0.04375
0 0.48828125 0.46171875 0.0234375 0.03984375
0 0.403125 0.65234375 0.01796875 0.0375
0 0.6234375 0.25859375 0.034375 0.04609375
0 0.64765625 0.115625 0.02265625 0.04375
0 0.640625 0.21875 0.02265625 0.03359375
0 0.49609375 0.490625 0.02734375 0.03515625
0 0.84375 0.015625 0.05625 0.03125
0 0.60546875 0.215625 0.03984375 0.04765625
0 0.70625 0.10703125 0.04375 0.07265625
0 0.28125 0.95234375 0.04375 0.05859375
0 0.596875 0.446875 0.02265625 0.03125
0 0.5703125 0.41875 0.0234375 0.0375
0 0.44609375 0.846875 0.0328125 0.05625
0 0.225 0.9875 0.034375 0.02109375
0 0.35390625 0.68125 0.025 0.0375
0 0.4484375 0.4125 0.01640625 0.02890625
0 0.65625 0.15859375 0.0375 0.04609375
0 0.55546875 0.48984375 0.02734375 0.04609375
0 0.39296875 0.60390625 0.0203125 0.04140625
