0 0.23203125 0.509375 0.04375 0.05234375
0 0.20703125 0.35234375 0.053125 0.04609375
0 0.3359375 0.40703125 0.04921875 0.06484375
0 0.40234375 0.40078125 0.02734375 0.06015625
0 0.70390625 0.42421875 0.0375 0.05234375
0 0.56171875 0.42578125 0.03203125 0.04765625
0 0.70234375 0.565625 0.03671875 0.09765625
0 0.20703125 0.62734375 0.04375 0.05390625
0 0.45234375 0.43671875 0.04375 0.08984375
0 0.4046875 0.52578125 0.065625 0.04765625
0 0.546875 0.20078125 0.02578125 0.07734375
0 0.38125 0.48125 0.0328125 0.05
0 0.1984375 0.70234375 0.04921875 0.07890625
0 0.51484375 0.39609375 0.03203125 0.05
0 0.534375 0.484375 0.0296875 0.03984375
0 0.53203125 0.615625 0.04140625 0.06015625
0 0.51484375 0.53203125 0.01796875 0.04375
0 0.8125 0.53046875 0.046875 0.04375
0 0.60703125 0.50859375 0.0390625 0.05
0 0.41640625 0.32890625 0.0296875 0.0625
0 0.52734375 0.67890625 0.01875 0.04140625
0 0.7765625 0.50859375 0.0203125 0.02890625
0 0.62890625 0.42734375 0.0234375 0.04609375
0 0.65625 0.48203125 0.03984375 0.05234375
0 0.59921875 0.60859375 0.0296875 0.05
0 0.1046875 0.36640625 0.04453125 0.04609375
0 0.65703125 0.61015625 0.03203125 0.05859375
0 0.0390625 0.29296875 0.06953125 0.03984375
0 0.45234375 0.41328125 0.04375 0.04375
0 0.5328125 0.57890625 0.0234375 0.04609375
0 0.55859375 0.52265625 0.03515625 0.05
0 0.45 0.45703125 0.02734375 0.04765625
0 0.80859375 0.4625 0.046875 0.04140625
0 0.69921875 0.37265625 0.03984375 0.05390625
