0 0.103125 0.34453125 0.03984375 0.03984375
0 0.13984375 0.38984375 0.0515625 0.06640625
0 0.9 0.59609375 0.03203125 0.03359375
0 0.909375 0.62421875 0.04140625 0.02734375
0 0.021875 0.509375 0.04375 0.04765625
0 0.2984375 0.44609375 0.03203125 0.04609375
0 0.1421875 0.48125 0.01875 0.03359375
0 0.93515625 0.40703125 0.0609375 0.05234375
0 0.2609375 0.48046875 0.02734375 0.03515625
0 0.67890625 0.67421875 0.0203125 0.03125
0 0.240625 0.440625 0.03515625 0.04765625
0 0.58359375 0.43359375 0.0296875 0.0375
0 0.18359375 0.478125 0.03671875 0.03125
0 0.9796875 0.74609375 0.0390625 0.04609375
0 0.99140625 0.78515625 0.015625 0.02890625
0 0.3734375 0.50703125 0.02578125 0.02890625
0 0.3703125 0.4703125 0.02421875 0.0296875
0 0.471875 0.47578125 0.01484375 0.0421875
0 0.49140625 0.55 0.028125 0.04609375
0 0.52109375 0.55234375 0.028125 0.03203125
0 0.5515625 0.5 0.03828125 0.046875
0 0.5203125 0.63203125 0.02734375 0.04296875
0 0.52265625 0.70546875 0.03046875 0.02734375
0 0.521875 0.67578125 0.0296875 0.0328125
0 0.49609375 0.7296875 0.02109375 0.05078125
0 0.4703125 0.63984375 0.02734375 0.03828125
0 0.425 0.659375 0.025 0.03671875
0 0.446875 0.60703125 0.02734375 0.04453125
0 0.38203125 0.55 0.02578125 0.04453125
0 0.37890625 0.6609375 0.0203125 0.0328125
0 0.3984375 0.640625 0.0203125 0.0328125
0 0.40859375 0.5921875 0.0203125 0.0234375
0 0.41640625 0.57421875 0.0234375 0.03828125
0 0.41640625 0.5484375 0.02265625 0.028125
0 0.39765625 0.69140625 0.015625 0.0234375
0 0.37734375 0.61015625 0.0203125 0.0421875
0 0.34609375 0.66171875 0.0296875 0.03046875
0 0.328125 0.5796875 0.028125 0.04609375
0 0.2921875 0.525 0.02578125 0.04296875
0 0.2671875 0.5515625 0.0265625 0.046875
0 0.2890625 0.57421875 0.021875 0.04140625
0 0.271875 0.63046875 0.0234375 0.03671875
0 0.3046875 0.653125 0.0296875 0.0453125
0 0.21953125 0.67265625 0.01875 0.03359375
0 0.24375 0.65546875 0.0203125 0.034375
0 0.228125 0.5703125 0.03359375 0.04453125
0 0.22421875 0.50078125 0.021875 0.03046875
0 0.23828125 0.5203125 0.02109375 0.028125
0 0.19453125 0.5390625 0.021875 0.03046875
0 0.1921875 0.63203125 0.0265625 0.03671875
0 0.21640625 0.646875 0.02578125 0.03671875
0 0.21171875 0.60859375 0.03125 0.0390625
0 0.17421875 0.58671875 0.02578125 0.03828125
0 0.1921875 0.70234375 0.02734375 0.0375
0 0.19921875 0.67578125 0.025 0.034375
0 0.221875 0.6984375 0.02578125 0.0328125
0 0.25703125 0.59765625 0.01953125 0.034375
