0 0.446875 0.3 0.015625 0.05
0 0.57734375 0.61875 0.02109375 0.0375
0 0.5015625 0.28203125 0.025 0.05234375
0 0.4 0.5375 0.01796875 0.0375
0 0.35703125 0.184375 0.0203125 0.04375
0 0.5484375 0.47578125 0.01953125 0.03828125
0 0.228125 0.20390625 0.01796875 0.04140625
0 0.36640625 0.115625 0.01640625 0.04375
0 0.31484375 0.24453125 0.01796875 0.04765625
0 0.12890625 0.48046875 0.02578125 0.05625
0 0.3328125 0.36484375 0.02265625 0.04609375
0 0.2296875 0.16328125 0.01875 0.03984375
0 0.5203125 0.54453125 0.0140625 0.04375
0 0.30078125 0.25703125 0.02265625 0.04765625
0 0.37734375 0.171875 0.0203125 0.03984375
0 0.25078125 0.021875 0.02265625 0.04375
0 0.44609375 0.64140625 0.01640625 0.0375
0 0.2640625 0.01640625 0.01875 0.0328125
0 0.415625 0.39140625 0.0234375 0.04140625
0 0.48828125 0.55 0.0140625 0.03359375
0 0.41796875 0.59921875 0.01640625 0.02734375
0 0.40078125 0.35859375 0.01328125 0.02890625
0 0.49609375 0.64375 0.025 0.0625
0 0.56875 0.75625 0.0109375 0.02109375
0 0.3859375 0.40390625 0.0203125 0.04609375
0 0.25859375 0.18046875 0.0203125 0.03515625
0 0.63515625 0.865625 0.03046875 0.04375
0 0.43046875 0.465625 0.01640625 0.03515625
0 0.60390625 0.79609375 0.0296875 0.05390625
0 0.36875 0.415625 0.01875 0.03984375
0 0.5015625 0.49453125 0.0140625 0.02734375
0 0.471875 0.503125 0.01640625 0.03515625
0 0.25390625 0.2 0.0203125 0.05390625
0 0.52109375 0.46796875 0.0140625 0.03125
0 0.49765625 0.74609375 0.01875 0.06640625
0 0.478125 0.4 0.01328125 0.02890625
0 0.5265625 0.684375 0.015625 0.02265625
0 0.46796875 0.425 0.015625 0.04609375
0 0.55390625 0.490625 0.0140625 0.03984375
0 0.49765625 0.44921875 0.01875 0.03125
0 0.396875 0.45625 0.01640625 0.02890625
0 0.35 0.3125 0.0140625 0.03359375
0 0.4296875 0.578125 0.0140625 0.02265625
0 0.46796875 0.56484375 0.0203125 0.04140625
0 0.50234375 0.728125 0.009375 0.03125
0 0.4484375 0.59765625 0.01875 0.04140625
0 0.55859375 0.775 0.01875 0.040625
0 0.365625 0.34140625 0.02265625 0.04140625
0 0.29921875 0.13515625 0.0140625 0.0375
0 0.390625 0.90546875 0.0109375 0.01875
0 0.52734375 0.6375 0.01640625 0.04140625
