0 0.11640625 0.675 0.0671875 0.075
0 0.33671875 0.30078125 0.046875 0.06015625
0 0.55703125 0.41015625 0.04140625 0.06640625
0 0.7953125 0.64453125 0.0578125 0.06015625
0 0.884375 0.4625 0.0578125 0.05859375
0 0.04453125 0.6 0.04921875 0.075
0 0.42734375 0.42890625 0.03046875 0.05
0 0.4703125 0.49921875 0.02265625 0.04375
0 0.87890625 0.40078125 0.0515625 0.05625
0 0.71015625 0.69296875 0.04609375 0.06875
0 0.57421875 0.53125 0.03515625 0.05
0 0.66484375 0.42734375 0.025 0.05
0 0.70859375 0.59375 0.03984375 0.05
0 0.734375 0.42890625 0.0421875 0.05859375
0 0.85703125 0.51796875 0.05625 0.04375
0 0.66328125 0.38046875 0.02578125 0.06015625
0 0.86953125 0.65546875 0.03984375 0.04765625
0 0.7484375 0.571875 0.04375 0.04765625
0 0.61875 0.58125 0.0625 0.05
0 0.81875 0.54921875 0.05078125 0.04765625
0 0.6109375 0.45703125 0.02265625 0.05625
0 0.60703125 0.57734375 0.0390625 0.0375
0 0.77734375 0.49765625 0.05625 0.05859375
0 0.93046875 0.61171875 0.04453125 0.05625
0 0.98046875 0.60546875 0.03671875 0.03984375
0 0.725 0.53515625 0.0375 0.04140625
0 0.7984375 0.47890625 0.04375 0.075
0 0.98671875 0.53984375 0.0234375 0.01640625
0 0.696875 0.64453125 0.0390625 0.06875
0 0.93046875 0.6625 0.05546875 0.0625
0 0.825 0.60546875 0.05390625 0.05625
0 0.72578125 0.734375 0.03203125 0.05390625
