0 0.128125 0.67734375 0.0609375 0.07109375
0 0.525 0.41484375 0.0390625 0.06640625
0 0.8515625 0.39609375 0.0578125 0.05390625
0 0.703125 0.42578125 0.0375 0.05625
0 0.68046875 0.684375 0.05078125 0.08046875
0 0.434375 0.50234375 0.0234375 0.05390625
0 0.85625 0.46015625 0.06015625 0.05390625
0 0.390625 0.43046875 0.03203125 0.04375
0 0.2921875 0.3 0.046875 0.05390625
0 0.96640625 0.61015625 0.06484375 0.05
0 0.62890625 0.37421875 0.0234375 0.04765625
0 0.77109375 0.63671875 0.0609375 0.05625
0 0.83671875 0.65546875 0.03984375 0.05234375
0 0.6359375 0.43203125 0.0203125 0.05234375
0 0.7265625 0.57265625 0.028125 0.05
0 0.58984375 0.57890625 0.0625 0.05
0 0.7875 0.55 0.05390625 0.05
0 0.69296875 0.73125 0.02734375 0.04140625
0 0.8265625 0.51171875 0.04921875 0.04765625
0 0.74765625 0.49921875 0.0328125 0.05625
0 0.06484375 0.61796875 0.05546875 0.06484375
0 0.89296875 0.60625 0.053125 0.05859375
0 0.57734375 0.44921875 0.028125 0.05625
0 0.6796875 0.58828125 0.0375 0.03984375
0 0.98828125 0.53828125 0.02109375 0.03984375
0 0.54375 0.51875 0.03515625 0.04140625
0 0.6953125 0.540625 0.0390625 0.04765625
0 0.79609375 0.603125 0.04921875 0.05234375
0 0.9015625 0.64296875 0.0515625 0.07734375
0 0.77421875 0.48125 0.0484375 0.075
0 0.67578125 0.634375 0.028125 0.04375
