0 0.22578125 0.01953125 0.0234375 0.0390625
0 0.6265625 0.78515625 0.02109375 0.05859375
0 0.2078125 0.49140625 0.01171875 0.05390625
0 0.64609375 0.653125 0.015625 0.03984375
0 0.2953125 0.33828125 0.02265625 0.03515625
0 0.51328125 0.80234375 0.0140625 0.025
0 0.37265625 0.33671875 0.025 0.04765625
0 0.3015625 0.31015625 0.01640625 0.0375
0 0.57578125 0.89296875 0.015625 0.03125
0 0.31953125 0.57734375 0.01328125 0.03359375
0 0.3859375 0.18515625 0.009375 0.0375
0 0.5078125 0.696875 0.025 0.04375
0 0.54140625 0.728125 0.01796875 0.04765625
0 0.42734375 0.55 0.0203125 0.0578125
0 0.44296875 0.515625 0.02421875 0.06796875
0 0.4421875 0.4640625 0.025 0.04296875
0 0.4515625 0.446875 0.02578125 0.03671875
0 0.50859375 0.453125 0.01640625 0.03984375
0 0.4515625 0.70390625 0.0140625 0.025
0 0.42265625 0.6375 0.02109375 0.04140625
0 0.375 0.47734375 0.02265625 0.03671875
0 0.3890625 0.4453125 0.01875 0.03359375
0 0.39609375 0.4828125 0.0078125 0.0421875
0 0.40078125 0.41328125 0.015625 0.03515625
0 0.36640625 0.40625 0.01640625 0.0375
0 0.4671875 0.771875 0.0140625 0.02265625
0 0.21328125 0.490625 0.0234375 0.05625
0 0.32109375 0.34296875 0.015625 0.03125
0 0.47109375 0.421875 0.015625 0.03125
0 0.3328125 0.3125 0.01796875 0.03359375
0 0.484375 0.48125 0.015625 0.03359375
0 0.42265625 0.37734375 0.01640625 0.0375
0 0.98203125 0.8125 0.034375 0.08359375
0 0.4859375 0.753125 0.01640625 0.02734375
0 0.43515625 0.365625 0.01640625 0.03125
0 0.58359375 0.79140625 0.03046875 0.03359375
0 0.30234375 0.68203125 0.0203125 0.03984375
0 0.409375 0.29609375 0.015625 0.03359375
0 0.42578125 0.30078125 0.0140625 0.03515625
0 0.53671875 0.74453125 0.01796875 0.03125
0 0.39140625 0.25546875 0.02265625 0.04375
0 0.56953125 0.921875 0.01171875 0.03125
0 0.50625 0.75546875 0.01171875 0.02265625
0 0.3578125 0.18359375 0.009375 0.03359375
0 0.35390625 0.415625 0.015625 0.03125
0 0.64140625 0.64765625 0.02734375 0.05
0 0.5734375 0.90703125 0.0203125 0.06015625
0 0.33828125 0.184375 0.00703125 0.02734375
0 0.44609375 0.01015625 0.0171875 0.0203125
0 0.2515625 0.66484375 0.0203125 0.04140625
0 0.39765625 0.259375 0.0109375 0.03515625
0 0.63046875 0.79765625 0.01171875 0.03359375
0 0.453125 0.62734375 0.034375 0.05234375
0 0.48203125 0.62734375 0.0203125 0.03359375
0 0.4046875 0.5765625 0.0265625 0.06171875
0 0.45625 0.58203125 0.015625 0.02734375
0 0.4828125 0.57890625 0.01953125 0.0328125
0 0.503125 0.56171875 0.0140625 0.03984375
0 0.5296875 0.5625 0.0234375 0.034375
