0 0.36015625 0.775 0.0421875 0.05859375
0 0.86171875 0.75 0.065625 0.09140625
0 0.7921875 0.72890625 0.04921875 0.07109375
0 0.6296875 0.64375 0.0484375 0.10390625
0 0.46640625 0.50703125 0.04140625 0.05234375
0 0.53984375 0.72734375 0.03515625 0.05859375
0 0.5703125 0.36796875 0.03046875 0.04765625
0 0.61328125 0.42890625 0.0296875 0.04140625
0 0.38828125 0.675 0.0421875 0.05390625
0 0.175 0.75 0.05390625 0.075
0 0.55859375 0.31796875 0.02578125 0.03515625
0 0.25234375 0.534375 0.046875 0.09375
0 0.13359375 0.29140625 0.06015625 0.07109375
0 0.390625 0.58359375 0.0234375 0.05390625
0 0.303125 0.44296875 0.0421875 0.06015625
0 0.5390625 0.646875 0.02109375 0.05234375
0 0.46015625 0.75859375 0.02109375 0.07890625
0 0.13359375 0.35859375 0.03984375 0.05390625
0 0.2046875 0.43203125 0.06953125 0.04765625
0 0.1921875 0.63359375 0.0578125 0.05859375
0 0.109375 0.71953125 0.06015625 0.05234375
0 0.22890625 0.38125 0.02578125 0.05
0 0.3140625 0.54296875 0.04609375 0.05234375
0 0.32109375 0.68359375 0.04140625 0.0875
0 0.08125 0.62421875 0.0578125 0.05234375
0 0.11796875 0.46015625 0.06953125 0.075
0 0.32421875 0.70390625 0.0296875 0.04609375
0 0.19765625 0.57734375 0.053125 0.06640625
0 0.84296875 0.60625 0.0390625 0.03359375
0 0.3484375 0.60546875 0.03046875 0.07265625
0 0.834375 0.65390625 0.05625 0.04140625
0 0.253125 0.70625 0.06484375 0.08359375
0 0.14296875 0.67265625 0.04453125 0.05390625
0 0.540625 0.653125 0.034375 0.06484375
0 0.49609375 0.57734375 0.0375 0.0625
0 0.5109375 0.61171875 0.03671875 0.04375
0 0.93125 0.64921875 0.06953125 0.04765625
0 0.12421875 0.54921875 0.06640625 0.075
0 0.05546875 0.56640625 0.0453125 0.05703125
0 0.05390625 0.50546875 0.06015625 0.05546875
0 0.084375 0.4046875 0.0515625 0.05703125
0 0.03984375 0.43671875 0.059375 0.05859375
0 0.04453125 0.3703125 0.06640625 0.06171875
