0 0.52109375 0.153125 0.0234375 0.05234375
0 0.38515625 0.50078125 0.028125 0.06484375
0 0.66875 0.32109375 0.03671875 0.0625
0 0.44375 0.49453125 0.02109375 0.04375
0 0.64296875 0.35234375 0.025 0.0625
0 0.51484375 0.51796875 0.0296875 0.04375
0 0.48515625 0.92421875 0.03203125 0.10234375
0 0.51171875 0.66484375 0.0234375 0.06640625
0 0.7 0.04453125 0.0375 0.0890625
0 0.26953125 0.93828125 0.0390625 0.08515625
0 0.83046875 0.3125 0.0390625 0.05859375
0 0.46953125 0.98203125 0.02578125 0.03125
0 0.5140625 0.29921875 0.02578125 0.04765625
0 0.4796875 0.67578125 0.02578125 0.07734375
0 0.49140625 0.48671875 0.02578125 0.03984375
0 0.36328125 0.69140625 0.03203125 0.06640625
0 0.36875 0.84296875 0.02734375 0.06875
0 0.534375 0.809375 0.01875 0.04375
0 0.53984375 0.32734375 0.02578125 0.04609375
0 0.365625 0.934375 0.02734375 0.07265625
0 0.44765625 0.36640625 0.01796875 0.04140625
0 0.4515625 0.35859375 0.02734375 0.05859375
0 0.30546875 0.94140625 0.02734375 0.075
0 0.50078125 0.75390625 0.01796875 0.04609375
0 0.39375 0.88203125 0.0296875 0.06875
0 0.32109375 0.9515625 0.02890625 0.05859375
0 0.43046875 0.33984375 0.025 0.07109375
0 0.559375 0.84375 0.0296875 0.05390625
0 0.421875 0.82890625 0.025 0.07109375
0 0.51796875 0.759375 0.02109375 0.05625
0 0.703125 0.01875 0.0328125 0.0375
0 0.47109375 0.73203125 0.03203125 0.06015625
0 0.53046875 0.31328125 0.0421875 0.05234375
