0 0.821875 0.696875 0.03984375 0.05625
0 0.83046875 0.78671875 0.0625 0.06015625
0 0.73359375 0.490625 0.046875 0.10625
0 0.57890625 0.74453125 0.034375 0.06015625
0 0.76328125 0.70390625 0.046875 0.07890625
0 0.63125 0.5125 0.034375 0.0625
0 0.85 0.65859375 0.05546875 0.04609375
0 0.971875 0.74140625 0.05390625 0.05859375
0 0.12421875 0.49296875 0.0609375 0.04765625
0 0.62421875 0.58125 0.0796875 0.05
0 0.6421875 0.68359375 0.03046875 0.0625
0 0.55078125 0.60703125 0.0390625 0.05234375
0 0.92109375 0.80546875 0.05625 0.08125
0 0.9046875 0.66015625 0.0609375 0.05390625
0 0.45234375 0.69765625 0.034375 0.04140625
0 0.428125 0.484375 0.025 0.03515625
0 0.4359375 0.61953125 0.03203125 0.07265625
0 0.67890625 0.84765625 0.034375 0.05
0 0.94140625 0.54765625 0.05859375 0.05390625
0 0.93515625 0.60546875 0.07421875 0.06015625
0 0.678125 0.825 0.04921875 0.09609375
0 0.65 0.76015625 0.03203125 0.05859375
0 0.7078125 0.70703125 0.046875 0.05234375
0 0.415625 0.428125 0.028125 0.06484375
0 0.0609375 0.53046875 0.0609375 0.03515625
0 0.425 0.57109375 0.02109375 0.04140625
0 0.74140625 0.46953125 0.03046875 0.06015625
0 0.98671875 0.67109375 0.0234375 0.04609375
0 0.971875 0.53515625 0.05390625 0.05
0 0.5796875 0.646875 0.0234375 0.05234375
0 0.99140625 0.47421875 0.0140625 0.01875
0 0.05546875 0.57109375 0.084375 0.12109375
