0 0.48671875 0.31328125 0.028125 0.03984375
0 0.69453125 0.184375 0.03515625 0.04375
0 0.7609375 0.178125 0.034375 0.04375
0 0.465625 0.515625 0.015625 0.03125
0 0.14296875 0.76640625 0.03046875 0.04609375
0 0.534375 0.35234375 0.03203125 0.05390625
0 0.42109375 0.53671875 0.02734375 0.03515625
0 0.25859375 0.94609375 0.05078125 0.075
0 0.759375 0.14453125 0.028125 0.04375
0 0.08359375 0.928125 0.0328125 0.04765625
0 0.25625 0.81640625 0.04375 0.0625
0 0.03203125 0.97734375 0.034375 0.04140625
0 0.46796875 0.459375 0.02265625 0.03984375
0 0.5265625 0.3 0.02265625 0.02890625
0 0.625 0.484375 0.02734375 0.05625
0 0.12265625 0.984375 0.04140625 0.02734375
0 0.4046875 0.47578125 0.01875 0.03125
0 0.61484375 0.43203125 0.02109375 0.03515625
0 0.7984375 0.096875 0.03203125 0.04375
0 0.5625 0.375 0.028125 0.04140625
0 0.45859375 0.425 0.02265625 0.04140625
0 0.040625 0.91796875 0.04609375 0.05234375
0 0.5703125 0.40625 0.02109375 0.0375
0 0.0875 0.96640625 0.02734375 0.0375
0 0.31484375 0.97578125 0.03046875 0.04375
0 0.7140625 0.27421875 0.03671875 0.04765625
0 0.728125 0.20859375 0.0203125 0.03359375
0 0.72109375 0.2125 0.034375 0.04140625
0 0.4625 0.44140625 0.0328125 0.075
0 0.65546875 0.403125 0.03203125 0.04765625
0 0.8078125 0.128125 0.034375 0.04375
0 0.63125 0.36640625 0.0453125 0.06953125
