0 0.51953125 0.60703125 0.04375 0.09765625
0 0.890625 0.80078125 0.065625 0.06484375
0 0.48671875 0.48359375 0.025 0.03359375
0 0.5421875 0.70390625 0.03984375 0.05390625
0 0.86171875 0.7 0.0609375 0.05859375
0 0.6359375 0.75625 0.0328125 0.0625
0 0.471875 0.42734375 0.02578125 0.0625
0 0.79609375 0.46796875 0.03671875 0.06015625
0 0.60390625 0.60546875 0.03671875 0.05625
0 0.9609375 0.68203125 0.06484375 0.06875
0 0.68203125 0.52578125 0.04453125 0.07734375
0 0.80625 0.70078125 0.0609375 0.07734375
0 0.68046875 0.58359375 0.0703125 0.05
0 0.74765625 0.79453125 0.04921875 0.06015625
0 0.9796875 0.82578125 0.0375 0.05625
0 0.69453125 0.75625 0.03515625 0.05390625
0 0.690625 0.68046875 0.03671875 0.06875
0 0.76015625 0.703125 0.0484375 0.05625
0 0.9015625 0.65703125 0.05859375 0.04765625
0 0.20390625 0.47109375 0.03671875 0.04609375
0 0.98046875 0.63046875 0.03671875 0.03984375
0 0.14765625 0.52109375 0.04921875 0.0375
0 0.975 0.5875 0.046875 0.04609375
0 0.14375 0.58046875 0.04140625 0.06015625
0 0.7484375 0.834375 0.04453125 0.05234375
0 0.78984375 0.51953125 0.02578125 0.05234375
0 0.634375 0.63828125 0.0296875 0.05234375
