0 0.934375 0.56171875 0.03984375 0.03984375
0 0.209375 0.425 0.04140625 0.05
0 0.10390625 0.715625 0.04140625 0.03125
0 0.58828125 0.74921875 0.01875 0.03515625
0 0.153125 0.58125 0.03671875 0.0375
0 0.95 0.596875 0.04140625 0.03515625
0 0.70234375 0.409375 0.03984375 0.06015625
0 0.6484375 0.46953125 0.03359375 0.0515625
0 0.60078125 0.70390625 0.03828125 0.05546875
0 0.571875 0.63359375 0.03828125 0.05703125
0 0.60859375 0.66015625 0.03046875 0.05859375
0 0.6328125 0.61484375 0.03203125 0.0703125
0 0.678125 0.5375 0.04609375 0.06953125
0 0.7984375 0.6453125 0.03203125 0.0734375
0 0.453125 0.6703125 0.0375 0.08671875
0 0.4984375 0.63125 0.03046875 0.053125
0 0.54609375 0.6 0.03515625 0.0703125
0 0.553125 0.4796875 0.0328125 0.06484375
0 0.4796875 0.596875 0.03046875 0.0703125
0 0.49453125 0.5296875 0.034375 0.05546875
0 0.353125 0.653125 0.034375 0.0703125
0 0.37265625 0.58203125 0.02578125 0.0453125
0 0.40703125 0.52890625 0.0375 0.084375
0 0.44609375 0.49375 0.03203125 0.0703125
0 0.40859375 0.64921875 0.03046875 0.05625
0 0.3625 0.49921875 0.02734375 0.05078125
0 0.3125 0.6359375 0.0359375 0.05234375
0 0.32421875 0.5046875 0.0375 0.053125
0 0.27109375 0.61328125 0.02265625 0.0453125
0 0.3015625 0.6015625 0.02421875 0.05859375
0 0.31640625 0.5609375 0.02734375 0.040625
0 0.33515625 0.58359375 0.02421875 0.05234375
0 0.2390625 0.65078125 0.021875 0.0484375
0 0.265625 0.6484375 0.0265625 0.05390625
0 0.2859375 0.540625 0.0234375 0.03828125
0 0.28046875 0.4375 0.040625 0.06953125
0 0.24375 0.5390625 0.03203125 0.059375
0 0.26171875 0.4953125 0.034375 0.05
0 0.2375 0.61328125 0.0328125 0.05234375
0 0.0765625 0.61328125 0.03515625 0.05234375
0 0.0828125 0.5046875 0.04921875 0.09375
0 0.1609375 0.475 0.03359375 0.053125
0 0.0953125 0.58125 0.03203125 0.0375
0 0.21328125 0.5015625 0.03125 0.04453125
0 0.18828125 0.53671875 0.03828125 0.05078125
0 0.2046875 0.653125 0.03203125 0.078125
0 0.20234375 0.5984375 0.028125 0.03671875
0 0.1265625 0.41328125 0.04453125 0.0671875
