0 0.0734375 0.66484375 0.06953125 0.075
0 0.94140625 0.46328125 0.0515625 0.07265625
0 0.79140625 0.73984375 0.03671875 0.05
0 0.540625 0.5125 0.0296875 0.04140625
0 0.671875 0.46015625 0.02734375 0.05390625
0 0.803125 0.42734375 0.05078125 0.05390625
0 0.6296875 0.41328125 0.03203125 0.06484375
0 0.9328125 0.54140625 0.05078125 0.04140625
0 0.728125 0.42890625 0.03671875 0.04140625
0 0.50078125 0.42578125 0.03671875 0.04375
0 0.7703125 0.61484375 0.04453125 0.05859375
0 0.42265625 0.30078125 0.03515625 0.06015625
0 0.63203125 0.54140625 0.04375 0.04609375
0 0.72578125 0.38359375 0.04609375 0.05390625
0 0.88828125 0.56484375 0.05625 0.05390625
0 0.6671875 0.58515625 0.03671875 0.04140625
0 0.81484375 0.584375 0.046875 0.05625
0 0.85546875 0.65859375 0.0609375 0.05390625
0 0.75625 0.7 0.04921875 0.06640625
0 0.83359375 0.51875 0.05546875 0.04609375
0 0.89140625 0.62421875 0.05546875 0.04375
0 0.92890625 0.425 0.04375 0.05390625
0 0.7546875 0.65234375 0.03515625 0.0375
0 0.034375 0.57265625 0.06796875 0.08359375
0 0.7765625 0.53203125 0.05546875 0.04375
0 0.93203125 0.66484375 0.0421875 0.05
0 0.975 0.68828125 0.0484375 0.06484375
0 0.85078125 0.47265625 0.04921875 0.07109375
0 0.7015625 0.60078125 0.0296875 0.04375
