0 0.11484375 0.76328125 0.028125 0.04375
0 0.784375 0.16171875 0.03046875 0.03984375
0 0.4265625 0.44609375 0.0203125 0.0375
0 0.50859375 0.296875 0.02265625 0.05234375
0 0.7390625 0.27890625 0.028125 0.04140625
0 0.2109375 0.80859375 0.02109375 0.03359375
0 0.825 0.11953125 0.03046875 0.04765625
0 0.640625 0.475 0.025 0.05859375
0 0.74296875 0.21796875 0.0421875 0.05625
0 0.79140625 0.19296875 0.02578125 0.04375
0 0.4375 0.50390625 0.03046875 0.0375
0 0.67265625 0.3875 0.0328125 0.04609375
0 0.2296875 0.83125 0.034375 0.05
0 0.55546875 0.33125 0.0234375 0.0375
0 0.0203125 0.8921875 0.040625 0.065625
0 0.55078125 0.278125 0.015625 0.02734375
0 0.10390625 0.98359375 0.01796875 0.02890625
0 0.62734375 0.42578125 0.02734375 0.03515625
0 0.65234375 0.3625 0.03671875 0.05
0 0.51171875 0.28515625 0.01640625 0.02890625
0 0.015625 0.96796875 0.03046875 0.06015625
0 0.58984375 0.390625 0.0203125 0.03984375
0 0.7171875 0.18984375 0.0328125 0.05
0 0.49296875 0.48671875 0.02109375 0.03515625
0 0.57578125 0.36484375 0.0296875 0.05390625
0 0.21796875 0.95859375 0.02578125 0.05
0 0.225 0.95 0.03515625 0.0625
0 0.49140625 0.434375 0.025 0.02734375
0 0.21328125 0.96875 0.034375 0.05859375
0 0.725 0.17890625 0.01640625 0.02890625
0 0.4796875 0.39609375 0.0234375 0.02890625
0 0.8375 0.14140625 0.02265625 0.03359375
0 0.059375 0.95078125 0.05078125 0.06015625
0 0.09375 0.97890625 0.0375 0.0375
