0 0.4296875 0.30234375 0.046875 0.09609375
0 0.715625 0.74453125 0.05390625 0.08984375
0 0.46953125 0.646875 0.0515625 0.09765625
0 0.48125 0.35625 0.0375 0.04140625
0 0.68984375 0.65078125 0.06015625 0.08984375
0 0.21484375 0.74921875 0.04921875 0.06015625
0 0.3734375 0.725 0.0390625 0.05859375
0 0.39375 0.66640625 0.0296875 0.05390625
0 0.3703125 0.58515625 0.04375 0.0625
0 0.3234375 0.56328125 0.0484375 0.04765625
0 0.1734375 0.27265625 0.05078125 0.05859375
0 0.18828125 0.44609375 0.04296875 0.0546875
0 0.22109375 0.434375 0.03671875 0.05390625
0 0.25234375 0.39140625 0.059375 0.04921875
0 0.25 0.32890625 0.046875 0.0625
0 0.76015625 0.634375 0.0484375 0.06015625
0 0.6140625 0.68046875 0.04140625 0.06875
0 0.26171875 0.59609375 0.0328125 0.05390625
0 0.24375 0.6625 0.034375 0.05390625
0 0.290625 0.4546875 0.028125 0.04140625
0 0.3234375 0.46171875 0.04375 0.0578125
0 0.325 0.40703125 0.04921875 0.04765625
0 0.44921875 0.48515625 0.03671875 0.05
0 0.3140625 0.73515625 0.04375 0.06640625
0 0.68046875 0.665625 0.04140625 0.06015625
0 0.2140625 0.49140625 0.05234375 0.053125
0 0.1328125 0.44375 0.06640625 0.0609375
0 0.15390625 0.3984375 0.06640625 0.05
0 0.13125 0.31015625 0.0484375 0.0546875
0 0.08359375 0.31015625 0.04921875 0.05859375
0 0.03125 0.46796875 0.0609375 0.05078125
0 0.0640625 0.43359375 0.0640625 0.04453125
0 0.12421875 0.546875 0.059375 0.0484375
0 0.1171875 0.48515625 0.078125 0.046875
0 0.10546875 0.68203125 0.0515625 0.05625
0 0.121875 0.63359375 0.053125 0.05078125
0 0.04453125 0.69296875 0.05625 0.0625
0 0.0703125 0.60625 0.06484375 0.06015625
0 0.0640625 0.5421875 0.0640625 0.04921875
0 0.0359375 0.36328125 0.06796875 0.0484375
0 0.034375 0.315625 0.0671875 0.05
0 0.0203125 0.621875 0.03984375 0.04765625
