0 0.5609375 0.240625 0.01875 0.04765625
0 0.48203125 0.7375 0.025 0.04609375
0 0.22421875 0.88515625 0.02578125 0.05390625
0 0.553125 0.72421875 0.0328125 0.06015625
0 0.271875 0.71015625 0.02734375 0.05
0 0.6046875 0.28984375 0.03046875 0.07109375
0 0.5875 0.13125 0.02265625 0.04140625
0 0.15234375 0.96484375 0.0515625 0.06640625
0 0.38359375 0.74765625 0.01640625 0.0375
0 0.571875 0.478125 0.0203125 0.04765625
0 0.553125 0.56875 0.0234375 0.0375
0 0.59765625 0.16796875 0.0390625 0.05234375
0 0.31015625 0.73046875 0.03046875 0.06484375
0 0.26328125 0.98125 0.03203125 0.03359375
0 0.59765625 0.23515625 0.02265625 0.04140625
0 0.66640625 0.14609375 0.02578125 0.05
0 0.65625 0.11953125 0.0328125 0.0640625
0 0.54609375 0.46875 0.0234375 0.0375
0 0.4125 0.48828125 0.0203125 0.03515625
0 0.46328125 0.54921875 0.028125 0.04375
0 0.3640625 0.696875 0.02109375 0.04375
0 0.79296875 0.05625 0.04140625 0.05
0 0.30546875 0.74140625 0.02265625 0.04140625
0 0.45390625 0.521875 0.025 0.04375
0 0.3828125 0.55078125 0.028125 0.05625
0 0.33515625 0.775 0.03203125 0.0625
0 0.22265625 0.84453125 0.02578125 0.04765625
0 0.5296875 0.53515625 0.02734375 0.05390625
0 0.45859375 0.715625 0.01640625 0.03515625
0 0.34765625 0.68828125 0.0234375 0.03984375
