0 0.6828125 0.65078125 0.0484375 0.11015625
0 0.66640625 0.44296875 0.03046875 0.04375
0 0.89453125 0.63515625 0.06328125 0.08359375
0 0.60390625 0.72109375 0.04140625 0.05859375
0 0.85703125 0.73046875 0.05859375 0.07265625
0 0.15625 0.74609375 0.0515625 0.05390625
0 0.5171875 0.753125 0.02734375 0.10234375
0 0.415625 0.78515625 0.04453125 0.05859375
0 0.22109375 0.77265625 0.04140625 0.075
0 0.38671875 0.71328125 0.025 0.04765625
0 0.61171875 0.33359375 0.025 0.05390625
0 0.52109375 0.5 0.0328125 0.05
0 0.553125 0.58046875 0.04609375 0.07265625
0 0.24453125 0.421875 0.04375 0.04765625
0 0.30859375 0.72109375 0.06796875 0.08359375
0 0.0921875 0.35546875 0.0671875 0.04765625
0 0.1859375 0.6875 0.034375 0.05859375
0 0.1640625 0.425 0.084375 0.05
0 0.62734375 0.37734375 0.03203125 0.0375
0 0.59296875 0.64375 0.0296875 0.05390625
0 0.91171875 0.79296875 0.0578125 0.08515625
0 0.44375 0.57109375 0.02109375 0.05390625
0 0.36796875 0.525 0.0390625 0.05390625
0 0.16875 0.55859375 0.046875 0.075
0 0.075 0.29453125 0.05859375 0.05234375
0 0.2375 0.60078125 0.05078125 0.09765625
0 0.17734375 0.36953125 0.05390625 0.04375
0 0.0671875 0.45 0.0765625 0.07890625
0 0.984375 0.66484375 0.028125 0.05
0 0.40390625 0.60078125 0.028125 0.07265625
0 0.1296875 0.63984375 0.05546875 0.05859375
0 0.37578125 0.66796875 0.0375 0.05234375
0 0.44609375 0.671875 0.0375 0.05625
0 0.30546875 0.55390625 0.0484375 0.05390625
0 0.3 0.503125 0.0390625 0.06484375
0 0.0625 0.65703125 0.07265625 0.06015625
0 0.10390625 0.5234375 0.075 0.053125
0 0.06171875 0.59921875 0.0546875 0.053125
0 0.034375 0.52578125 0.05390625 0.06171875
