0 0.66171875 0.346875 0.028125 0.03515625
0 0.92578125 0.459375 0.04375 0.02265625
0 0.77109375 0.5625 0.028125 0.05390625
0 0.92578125 0.49296875 0.07265625 0.03515625
0 0.92265625 0.49296875 0.0328125 0.03515625
0 0.94375 0.54453125 0.0375 0.03125
0 0.7546875 0.34921875 0.03046875 0.03828125
0 0.7765625 0.290625 0.02734375 0.03125
0 0.73984375 0.42109375 0.02265625 0.025
0 0.77578125 0.51875 0.034375 0.05078125
0 0.7625 0.46953125 0.028125 0.0453125
0 0.7859375 0.39765625 0.0296875 0.03359375
0 0.65625 0.4 0.028125 0.02890625
0 0.86171875 0.53359375 0.0375 0.02890625
0 0.9484375 0.49296875 0.028125 0.03125
0 0.98671875 0.53359375 0.0234375 0.025
0 0.75546875 0.384375 0.025 0.02734375
0 0.85625 0.503125 0.02265625 0.03515625
0 0.91171875 0.196875 0.03671875 0.04375
0 0.79140625 0.48671875 0.0265625 0.04296875
0 0.78515625 0.43359375 0.03046875 0.02890625
0 0.9359375 0.57421875 0.04375 0.03984375
0 0.9890625 0.50546875 0.01875 0.02734375
