1 0.36944605265293173 0.8443971805646683 0.10689451306402754 0.1742123847341502
1 0.48143793190877227 0.9913364796161017 0.09352668725254153 0.017327040767796648
1 0.2966499343717167 0.4812927560163109 0.104508085686543 0.15554295185428182
1 0.3825571249673016 0.48936982527383666 0.1009284446203162 0.1275388025344796
1 0.24607073713438327 0.9272353570923794 0.09707601891435332 0.0828679865480107
1 0.5073959967012948 0.5401290822118208 0.10732999164239179 0.13725080487778776
1 0.3828945362015229 0.4050351088339025 0.10662172842429148 0.15754571806748344
1 0.28294068954035445 0.7454284562050522 0.10441715747329769 0.14998739629872648
1 0.3298794396944273 0.9360874379144813 0.09568980188256772 0.12530966477925345
1 0.5069645259085854 0.4390522419245452 0.11087932330420346 0.16340310234573835
1 0.4856437999915765 0.6266206301516244 0.10304208735806455 0.12954156874768108
1 0.29024437956398613 0.554063618261085 0.10402313521590105 0.1259133222246524
1 0.38776702397325624 0.5852306673185933 0.09985646854923438 0.12561149350195294
1 0.28340891963616754 0.6212411963599659 0.1065611096154612 0.15384201436377984
1 0.4051771474885058 0.28613615348669136 0.10026965329449358 0.214424925210167
1 0.5037619995167227 0.932492234850554 0.11525815580177602 0.13501553029889196
1 0.6243267432041786 0.30942729742615144 0.11868624984592722 0.19541278409194368
1 0.37589149810900874 0.7373293304702976 0.10239444294879453 0.15354018564108035
1 0.2689100646173908 0.8380414885554727 0.10242475235320966 0.1553920374929322
1 0.32550480219071337 0.27943775323914066 0.10931124984592723 0.1947336694658702
1 0.5520807040120961 0.8047866808146491 0.1057316087797003 0.16672952014606776
1 0.40367664476175374 0.9685428350478819 0.09722756593642892 0.06291432990423623
1 0.49575493050105823 0.8053416226878377 0.10650049080663102 0.15013831066007613
1 0.4801435195306445 0.7078002829104066 0.10098906342914636 0.13124250623818332
1 0.48561837481322884 0.30957667758158364 0.12165970282385151 0.18637989637470886
1 0.5875755863028342 0.6432746931170175 0.11412556092186392 0.17103688129517022
1 0.6148224900152083 0.4440842823466128 0.12055741734835455 0.18260073549033023
1 0.3770432554767833 0.6669589600999273 0.09991708735806455 0.12931519720565662
1 0.5591466158182706 0.9146873261096444 0.11664437283356151 0.13422621580015764
1 0.6144634741800906 0.7527571729929828 0.117008085686543 0.15644843802237987
1 0.6536743898569236 0.5553604457262646 0.12426944294879452 0.15512478643525196
