1 0.5644522378251353 0.1604176935508795 0.10044928679595203 0.15902028401596108
1 0.6619507102278969 0.21010326112690653 0.09706973376574884 0.1328679865480107
1 0.6921449504886643 0.4791468289848305 0.0950409475103162 0.13827262774221663
1 0.6235263162905 0.7262071498638304 0.08951824188232511 0.21189395873224157
1 0.6074608503805603 0.5045162788316503 0.09699700432854783 0.1254605791406033
1 0.6608492242967757 0.10995234676555686 0.09705155140644853 0.13101613469615886
1 0.4785968287356243 0.5174195392405305 0.10321063960994745 0.1222096185209485
1 0.6205869588765988 0.6009053211411309 0.10030382792155024 0.14420546920114627
1 0.5785381923709895 0.2652155263743683 0.10014018668784815 0.1275388025344796
1 0.40809050757605714 0.10739472119265027 0.10143640638471799 0.1535401856410804
1 0.5856465822511965 0.07207429375922395 0.0891235021642738 0.0656731196166202
1 0.5086632518940143 0.05630527720410103 0.09100682954530477 0.04545366360759949
1 0.49479339015376195 0.6195905086475914 0.10333791612504892 0.13517258148391167
1 0.40435166694022157 0.8066951668087489 0.11205307900368713 0.17466512781819912
1 0.6871248958347064 0.40650959226889666 0.09909852002118148 0.12746334535380477
1 0.4866794280318508 0.4373921839496988 0.09794775919871342 0.11627677706201885
1 0.6968339036821215 0.691674337696254 0.10187278300792334 0.197984630085525
1 0.5847453725660157 0.32311340545616213 0.09811140043241551 0.13294344372868552
1 0.5868703428045031 0.4251916288500385 0.10008563960994744 0.12198324697892404
1 0.3905566301431712 0.6722677043556304 0.10887353192578644 0.16888320072061888
1 0.4719362724579118 0.34644551142476154 0.09688791017274644 0.11434946802949218
1 0.38373888771813 0.4642189109124869 0.10883716720718593 0.1651794970169154
1 0.3688124553577313 0.17960280550768137 0.10728639448011303 0.11325218798438862
1 0.44931697862642206 0.2614143915262444 0.09370836309484573 0.10856754093191207
1 0.39433856087761837 0.28708251917044525 0.10653564556224993 0.14280636043334344
1 0.3403862635294581 0.36749346221528795 0.11267655140644853 0.13214799240628133
1 0.334594911798698 0.5857478806014446 0.11790306709908206 0.1343771301615073
1 0.5384032034659139 0.7432055377869795 0.11079322402541768 0.15236744841530206
