1 0.37967708333333333 0.14818518518518517 0.0703854166666666 0.16114814814814818
1 0.3372395833333333 0.3135740740740741 0.07012499999999994 0.16431481481481486
1 0.32928125 0.13085185185185186 0.06756250000000001 0.16112962962962962
1 0.2870520833333333 0.5625185185185185 0.08617708333333335 0.1669444444444444
1 0.23977083333333335 0.3741481481481481 0.08509374999999997 0.1500925925925926
1 0.21972916666666667 0.5033518518518518 0.10260416666666666 0.14072222222222225
1 0.21742708333333333 0.09875925925925925 0.06944791666666668 0.16546296296296295
1 0.2709375 0.2464074074074074 0.09404166666666663 0.1358703703703704
1 0.42480208333333336 0.5072962962962962 0.051781250000000036 0.16914814814814821
1 0.3976145833333333 0.3153518518518518 0.06520833333333335 0.16120370370370374
1 0.573125 0.5182037037037037 0.06768750000000003 0.17683333333333334
1 0.47046875 0.48885185185185187 0.05234375 0.16603703703703698
1 0.5821041666666668 0.2965555555555555 0.06668749999999998 0.16961111111111116
1 0.2194375 0.2367037037037037 0.09942708333333332 0.14753703703703708
1 0.5344374999999999 0.15316666666666665 0.06946875000000005 0.16374074074074071
1 0.37715624999999997 0.6366111111111111 0.08550000000000005 0.16301851851851848
1 0.4413020833333333 0.2906296296296296 0.054843749999999976 0.15870370370370368
1 0.36865625 0.5297777777777778 0.06703125000000003 0.15707407407407412
1 0.2623020833333333 0.10581481481481482 0.05725000000000001 0.16216666666666665
1 0.5361041666666666 0.30624074074074076 0.05898958333333339 0.16298148148148148
1 0.653375 0.3287777777777778 0.08892708333333323 0.15487037037037035
1 0.4521145833333333 0.1455925925925926 0.0686770833333334 0.17140740740740742
1 0.6541145833333334 0.19414814814814815 0.09144791666666663 0.16890740740740737
1 0.518 0.5261481481481481 0.05275000000000005 0.17646296296296296
1 0.5823125 0.7115925925925926 0.07592708333333344 0.1823333333333334
1 0.4916354166666667 0.14788888888888888 0.05 0.1672962962962963
1 0.6505937500000001 0.46994444444444444 0.07765624999999995 0.18853703703703703
1 0.6588333333333334 0.7212407407407407 0.08193750000000008 0.18975925925925932
1 0.41342708333333333 0.7380740740740741 0.08175000000000002 0.16938888888888895
1 0.48353125 0.3244814814814815 0.05933333333333337 0.17068518518518522
1 0.31472916666666667 0.651462962962963 0.053572916666666616 0.18650000000000005
1 0.4680104166666667 0.6845185185185185 0.05952083333333332 0.1917962962962962
1 0.5256666666666666 0.8009259259259259 0.06027083333333329 0.20766666666666664
