1 0.7036700143378226 0.3960329851975188 0.10383279597424178 0.15457642937145166
1 0.6197587922531943 0.29165189792073515 0.10487446264090844 0.15466268075765122
1 0.7231135271581042 0.3113450219587 0.1026455800933635 0.14893462242969657
1 0.49173513316822065 0.15763607511144564 0.10981739178337098 0.18463731593207894
1 0.6021289776677027 0.1278035817735079 0.0962015144744143 0.14100970670509191
1 0.531950615798322 0.09693848751193954 0.08818210173668924 0.11262816922391738
1 0.7575427877035773 0.1527352010473754 0.09900972180843842 0.08950286039803822
1 0.669992835263656 0.18724300265948068 0.09334479073565329 0.19066470116029374
1 0.49664375186202686 0.40858484035964054 0.10404968376037545 0.12318119927616972
1 0.6076183571831718 0.3964311910004949 0.10254854728388901 0.14523091872599286
1 0.46328895519881347 0.6656446892708116 0.11107594623617131 0.1533283372229966
1 0.49865143851788635 0.49133725331184613 0.10300801709370878 0.12309494788997018
1 0.5844476202113472 0.7230014493714793 0.10785391342669684 0.14936587936069426
1 0.6800599120487537 0.14167984314588042 0.09244580121283026 0.11667687847241921
1 0.6725797695081153 0.6662714255371517 0.10383279597424178 0.15457642937145144
1 0.4336871541225749 0.301299151177218 0.10763702564056317 0.1807611094559762
1 0.6138412269104353 0.4776767576456467 0.09998004990318327 0.12653989743507527
1 0.49462465412257495 0.30634485726989075 0.1005137303552928 0.14691026780544564
1 0.7490139527161109 0.19935366356620085 0.10220893245072821 0.13226795576302985
1 0.5871516917578563 0.6397112417312456 0.10230596526020269 0.1359716594667336
1 0.5531690539034267 0.8410430323144622 0.1036159081881081 0.1859716594667336
1 0.6919890490776199 0.5231207518857003 0.10899261290283799 0.15315583445059752
1 0.6276353734513171 0.867623502491199 0.11110164047372374 0.1939828265775378
1 0.4689610664475185 0.568681221207188 0.1083133832365166 0.1272299085246716
1 0.3541807954248683 0.6464031085346754 0.1156307441407358 0.16848815758260957
1 0.6833988505666401 0.5920045623198478 0.1029109842842343 0.11939124418626648
1 0.4751539338316775 0.8104569785823232 0.11989444361687708 0.17253686683111144
1 0.33506261428378714 0.7784426710750155 0.12113017590249259 0.1800305256247182
1 0.3714397111946695 0.3462534450845452 0.10957480975968477 0.17537805667281964
1 0.5875426950661222 0.5450942945144022 0.1064726319268696 0.13631666501153178
1 0.43714322994251115 0.1893052398332807 0.11461189964125372 0.1295992686937206
1 0.39059779252938415 0.45176842789843913 0.11906966473634396 0.14105538534962986
1 0.31547362944717317 0.529990090123731 0.12750003087915165 0.1454491001429298
