1 0.6227372523532096 0.10963829956974856 0.07347025151744878 0.16550854134340526
1 0.667637444048363 0.27275998259860823 0.0724892036596124 0.16914757695545754
1 0.6729701463445994 0.0889093045320638 0.07034525151744878 0.16531453706845112
1 0.7222348922755301 0.5186976542275902 0.08918617973069422 0.17203411827373155
1 0.7665391663585212 0.32686636716856327 0.08787172842429149 0.15530278351541352
1 0.7884524913342462 0.45526730305681656 0.10438684806888242 0.1470782137225764
1 0.784434053136209 0.06752489583789364 0.0724892036596124 0.1350497916757873
1 0.7331978174538778 0.201028632140327 0.09596258652230366 0.14100531343380981
1 0.5833047768097431 0.47171062081584303 0.054841489135109354 0.1717519231010878
1 0.6077719201194448 0.2783302497204147 0.06826191818411569 0.1651852008851483
1 0.4355699665695672 0.49200460094145076 0.0705877267527697 0.18012935188326587
1 0.5376891827655919 0.4560051642841597 0.05481117973069421 0.16990007124923595
1 0.42255783803975266 0.27036439154409103 0.06945513187285783 0.17450912823605905
1 0.7846087704318021 0.18856830234432423 0.101383085686543 0.1542916168550297
1 0.4681255258642475 0.12387114080960882 0.07245889425519726 0.16729572510360574
1 0.6333431017854683 0.5983655182295089 0.08808389425519726 0.16826574647837636
1 0.5636127431598406 0.25604630956977287 0.05781494211303387 0.1626866681167827
1 0.6399184896627245 0.4904407660888904 0.06924296604195206 0.16154616527309607
1 0.7392276360516619 0.07151520033413487 0.059958894255197494 0.14303040066826975
1 0.46907870643070254 0.27767184665078964 0.06204222758853059 0.16664904418709184
1 0.35225491928368396 0.3071692291837926 0.09108765663753679 0.16105234334592322
1 0.5502959549132537 0.11135495416174203 0.07156877461060632 0.17649031627121362
1 0.349015820796921 0.17297463801618473 0.09442482246844269 0.17420931058384034
1 0.4903787041872276 0.49601693353716053 0.056004393419436485 0.17922399860014648
1 0.4293622993309473 0.6861051322848317 0.07901198829934847 0.1862022521720325
1 0.510758085686543 0.11659011942227243 0.052727846397360875 0.16977073506593313
1 0.35717775538810737 0.4486742256213308 0.08121655925034238 0.1937389957627427
1 0.3529513463530229 0.7001174962804678 0.08538322591700905 0.19399766812934824
1 0.598536630992759 0.7015548273632335 0.08400815580177602 0.17356262966732638
1 0.5219708124393129 0.2919987006149873 0.06216346520619117 0.17405645159449923
1 0.6960855770207891 0.6093002475452407 0.05618624984592723 0.19033510971125758
1 0.5429701582647205 0.6512461984712274 0.06252717805917267 0.19627867381672146
1 0.4875879840762064 0.7714696101787202 0.06381131996116025 0.21115815672318777
