1 0.4300184613355326 0.10309456361608199 0.10150432330420346 0.16374943724451135
1 0.5646192161960247 0.007119294307270147 0.08840928213245362 0.014238588614540294
1 0.37954378134103084 0.45402559544488424 0.09550794545607696 0.11517003216536552
1 0.36518933421343214 0.5365852192538599 0.10227320533113407 0.14716902196404424
1 0.2978886121670817 0.42195056606575854 0.09908758652230377 0.14320656410174193
1 0.5011141216242583 0.3672117084869861 0.09970492152715878 0.11736688956201555
1 0.4071153836984522 0.02754172570077379 0.08993589926976225 0.05508345140154758
1 0.5068296992613387 0.46290424507988565 0.10295115914481935 0.12503305112802146
1 0.32791283416909417 0.0013621515191255457 0.096257664995145 0.0027243030382510915
1 0.3312834407496577 0.16120219391883822 0.09902696771347361 0.13950286039803822
1 0.4886020982672933 0.5596546376294486 0.10548913354437937 0.15298333167819844
1 0.48387489482715046 0.01244276445365327 0.09475021034569905 0.02488552890730654
1 0.28822880417038055 0.6308014077162891 0.10070513187285783 0.17847800067312666
1 0.5756601697902404 0.7383050038343 0.11115210794393941 0.1811923663869737
1 0.40079029941962324 0.3634979302182042 0.09651930271832848 0.11340443169971322
1 0.36521162804653723 0.6623386424073867 0.09279613020133605 0.20371391550945625
1 0.5769636613882941 0.07035115461424711 0.10787556092186393 0.14070230922849422
1 0.41788931331941165 0.20858670710770694 0.09694363438014027 0.13933035762563914
1 0.3333652084103697 0.06867442710656965 0.09804591985563722 0.1373488542131393
1 0.3037127148326487 0.3521179903834162 0.09955337450508317 0.10810763030275629
1 0.5097394020851903 0.28512646730210783 0.09556856426490726 0.11887373586906923
1 0.5428893133194116 0.1982365407637628 0.10215196771347361 0.13976161455663685
1 0.31008796023596413 0.2803904371561222 0.10316332497572513 0.13799601409098453
1 0.5955142081465622 0.2243932756231421 0.101383085686543 0.15634202983710396
1 0.5903424469081291 0.6039366538665721 0.11302327544636696 0.16840190619640982
1 0.6010136121670816 0.39685141268169394 0.10864444294879452 0.15509393768864882
1 0.4036561038094735 0.28373892350927526 0.09872387366932239 0.1209843418795197
1 0.4460979151935558 0.6778332565060452 0.11731117973069422 0.1761543191486154
1 0.6221812253893938 0.1204713905025014 0.11532992152715878 0.11866066035500857
1 0.6415461182812151 0.3038021708843966 0.1124473967624797 0.13321672101122475
1 0.6484468940357276 0.5177544718372161 0.11863677795364964 0.1300305256247182
