1 0.48011603610608505 0.957245305913827 0.09247667948125127 0.08550938817234602
1 0.5833281282972742 0.49451702404309433 0.10097378712484423 0.10674217796898591
1 0.5794167013409474 0.6442584304886022 0.09148960425133765 0.1027475565164787
1 0.5747653557960369 0.5747331755583789 0.10047803482570904 0.1252283722931932
1 0.4877463248141619 0.8884098542512305 0.10118772350350026 0.14930244636726706
1 0.5641657021697443 0.9298668941768953 0.09312734735393277 0.14026621164620953
1 0.7262002359408669 0.5045009942193273 0.10552259384878297 0.11983443770919511
1 0.6063082451374069 0.4267742861880521 0.10393058344622806 0.13643645598723866
1 0.5678130306790181 0.7095789567032933 0.09713466907869635 0.1177239923028512
1 0.6641649826615066 0.7301453751725452 0.09713466907869635 0.1177239923028512
1 0.41218418814914487 0.778755915339173 0.09773517488298124 0.1380943626732216
1 0.5809120974668275 0.30665103366306584 0.10754690637700672 0.1532000952368399
1 0.6514082477752261 0.8093063039846577 0.10130133574536301 0.11785328908009703
1 0.39439911653727594 0.9521188571383936 0.0655069583897807 0.06863844251966898
1 0.7212095488463085 0.29990368878400914 0.11006697120436541 0.16807955844027772
1 0.40142447007271154 0.8903565757530044 0.09642055103254871 0.12880277921965064
1 0.7511021264882518 0.4136909187019157 0.10984860545735273 0.16067215103287022
1 0.6140816003304364 0.9454736517523423 0.08912888436588204 0.10905269649531546
1 0.4285572459662038 0.7163586257766614 0.10042344338895598 0.12337652044134112
1 0.3269910922655501 0.30709726358438977 0.10480404643427879 0.16606608561686828
1 0.4381934102208407 0.6019478633907406 0.10431272350350038 0.14939941895020162
1 0.7366493472025044 0.6824403929686627 0.10031426051544964 0.11967281673763763
1 0.7195570224627036 0.5792262385676794 0.10541341097527664 0.11613073400549141
1 0.6442442009637295 0.8840153862358542 0.10760592718211608 0.11989908609781802
