1 0.8447669459574532 0.4201685423890522 0.07739635112783058 0.15306026545045284
1 0.687705180152516 0.3258372729972006 0.051482018453552554 0.15753826274880658
1 0.7419452387836638 0.29769157706143917 0.06064479513290451 0.14866692446214003
1 0.7876989999752126 0.43548058235271486 0.07014712912529338 0.15461040099028805
1 0.511706867554642 0.6263599201875301 0.06836090844086715 0.16748715929267485
1 0.8018517064899466 0.5671768013103691 0.08747346048146033 0.1386764739385188
1 0.4251070674788215 0.8177279672432505 0.08098824243325602 0.17355994281168746
1 0.8689534077570243 0.27301019948699456 0.09221490250936834 0.11852161521958866
1 0.6389697045127802 0.5905674315019743 0.048654131102459766 0.1703719187209054
1 0.7129970220287828 0.7207111923939907 0.059155687097385605 0.17450664572748978
1 0.5982058731566133 0.5756033068816863 0.05577601911260809 0.16326622762551452
1 0.5624496491769099 0.5918836009262954 0.06527835310499673 0.16920970415366254
1 0.4798715042342857 0.8802152562225095 0.07048668643833006 0.16942521580510309
1 0.7941983507735154 0.28812905313962844 0.06498124045608951 0.15624674119069967
1 0.8095616396206059 0.6621376995430028 0.08464557313036754 0.1515101299106174
1 0.6333050678331366 0.33826377935736535 0.07769346377673755 0.16602322841341569
1 0.761519411357042 0.7150032303318918 0.0704442417742006 0.16757336395325123
1 0.531783286515609 0.8401402790754313 0.0622382424332559 0.1727841008665021
1 0.4505014298105946 0.5724645785233327 0.07782079776912644 0.17157878396897147
1 0.6657400200516165 0.7393174639236204 0.0683184637767378 0.165635307440823
1 0.6758737068194743 0.5696144054974476 0.06619268577927452 0.16369725092839518
1 0.49057814755405865 0.14065905538942314 0.07065646509484852 0.1768326232125104
1 0.5773504545003867 0.8271542165967892 0.049908021089774476 0.17967428031045285
1 0.6295416718895356 0.8656967384928386 0.062068463776737796 0.16537669345909467
