1 0.3589979658671069 0.972378499605103 0.0519387339157871 0.055243000789793884
1 0.3845300507836579 0.9024676712801651 0.08444860612953704 0.08863337160823061
1 0.39266855268351886 0.8084111478083134 0.07623649810013902 0.09754781222518516
1 0.41358587278243086 0.7361681485962145 0.08861527279620371 0.08880578092938296
1 0.4291974438312734 0.6165089666755973 0.10424027279620371 0.08945231588370377
1 0.3198557631073381 0.33620815422543254 0.08750087094717594 0.08320712304353922
1 0.452190764942593 0.971367917369136 0.06763646909814819 0.05726416526172805
1 0.4671005356493755 0.9271690516692188 0.07679413449824087 0.14014040481777776
1 0.5356691331670606 0.9444960627026753 0.059013065982546443 0.11100787459464949
1 0.5880191621690514 0.9658362355045272 0.06889634131189837 0.06832752899094548
1 0.6257971094209263 0.921705120001112 0.10518495921972242 0.08208801080658455
1 0.6217629196414124 0.8521313685658034 0.09375087094717595 0.08346573702526754
1 0.6509772054824772 0.7774554102182314 0.08573272340407409 0.1071949924570371
1 0.7221733437804401 0.7285776191562562 0.09685162588638908 0.08174319216428005
1 0.7015811546342133 0.626854300120001 0.09379936106874993 0.08716944072897125
1 0.7062556611566438 0.5465358073810299 0.0949380079785648 0.09461995046666684
1 0.7352274963898381 0.4533413305149394 0.09057738082560197 0.07963272633069968
1 0.706326218971065 0.3531250446882315 0.10096980243148153 0.0782118977817285
1 0.5741072874867594 0.3532066042972025 0.10932738082560196 0.08040856827588495
1 0.5922650253918289 0.4677851304707004 0.09498649810013877 0.09832365417037055
1 0.5762170432488197 0.5541109790579843 0.09370238082560196 0.07976203332156384
1 0.5628576500116438 0.6072328013027991 0.09062587094717595 0.08333643003440337
1 0.5721607857764587 0.6816516940191777 0.09673040058245377 0.07248393290502059
1 0.5531570835853706 0.7410179349288898 0.09551901849027782 0.059477867611769854
