1 0.4183927915394397 0.8441434114746302 0.090651463156793 0.11198749518569234
1 0.5684093420514719 0.6236367745239039 0.09025132933970023 0.09161712481532197
1 0.5577777395091176 0.4761891103889052 0.0977612508156902 0.10310541962582133
1 0.698816104904607 0.39489466264082906 0.09812500883122936 0.12162393814433975
1 0.5034324686121707 0.9118933126898214 0.09198413623589102 0.12685619338613385
1 0.6540111845814707 0.7422317765865806 0.09787037822035198 0.10866097518137689
1 0.7089682283156356 0.3018710029632214 0.10057210018010163 0.140250223434112
1 0.5617311076888413 0.5398085823496597 0.09388559056145478 0.11770470089812846
1 0.42676416014114477 0.762311687986574 0.0928439238947881 0.11765081751250153
1 0.6656315937111251 0.23011391447110324 0.10596231252120442 0.14977889962150567
1 0.4268451870002687 0.6522342695726426 0.09625993030721934 0.1326272824841971
1 0.658321694987535 0.814157640187855 0.09867064585453798 0.14940171592211762
1 0.6619162835521732 0.65764921701356 0.09658731252120466 0.14929394915086378
1 0.5778752594772835 0.9098925024693512 0.08008929328391072 0.10404125392201632
1 0.7023875271680147 0.477958579046028 0.09923942710100372 0.12538152523367027
1 0.42127968936252136 0.935567602905976 0.0901785777365923 0.08791342111161805
1 0.5320122102877409 0.30454969703830975 0.10280093671965057 0.14776539761277327
1 0.570424902182151 0.388586297802786 0.09827051203744475 0.12903134555174717
1 0.6362995323145015 0.9022454032446161 0.08719908094280791 0.09515917836214512
1 0.5700247462869849 0.7003269762188752 0.094176596973886 0.13251951571294326
1 0.28963455602395527 0.43271055816604664 0.0975562275847634 0.145644128832787
1 0.7256778644949813 0.5637024148280199 0.10203704488701865 0.10887650872388416
