1 0.8604407704732767 0.7113352644328409 0.09070208271265774 0.12584281796642
1 0.7930477937707354 0.6964965759270794 0.04569352825985741 0.15542779691522643
1 0.7263811271040688 0.693738026788643 0.0511929600216142 0.16675441967777765
1 0.6880706313774958 0.6634179856991369 0.04613017590249247 0.1720944635818931
1 0.629518974222845 0.6693375885363384 0.0530108891640765 0.19642715163769547
1 0.46781087868990573 0.8712055723264616 0.07934365425916685 0.20861582100600828
1 0.44429214226745467 0.4355023850025521 0.05509422249741007 0.19651335629827166
1 0.8384502236021694 0.5556280765460095 0.07338188061722235 0.13992489316633763
1 0.7850712304948909 0.5432231213509888 0.06395836421248523 0.13768512034189306
1 0.8073629280407092 0.40881377811098885 0.07745151447441453 0.13639359878378618
1 0.8153723657300261 0.3220138038905362 0.07248576316476753 0.145437346391605
1 0.7673244330031079 0.2653368135722234 0.05991442459284547 0.18191405313489717
1 0.7248943509794219 0.27285042845481594 0.049546274330916164 0.18333488168386836
1 0.6761186721814451 0.24395121591428084 0.05620722773599856 0.1595625239218108
1 0.6751554470647408 0.42002799999621504 0.040679260545473044 0.16261969267119347
1 0.6408418105882543 0.3963618497093425 0.04285962668828087 0.16640960103547336
1 0.5958917475885996 0.42045592659802555 0.04651830714039041 0.1869092783967079
1 0.5571446042193917 0.406802552175186 0.04542812406898662 0.18501432421456795
1 0.5077995756833444 0.37973364032135876 0.0486501568784611 0.18884733490913594
1 0.640185480286997 0.12289043408403386 0.061415561069331895 0.15977803557325113
1 0.5858960865733032 0.16513665968378688 0.054997189687935585 0.19280965259456795
1 0.5407048775851463 0.15863207868662632 0.06095609125951214 0.18195715546518526
1 0.484092440584801 0.13033552459485667 0.0643721896879356 0.19319757356716055
1 0.42361297435943684 0.18993727997061793 0.0784703589738965 0.175282487672675
