1 0.4608333333333333 0.6152962962962962 0.062135416666666644 0.16266666666666674
1 0.18167708333333332 0.4933148148148148 0.07415624999999999 0.14727777777777773
1 0.43574999999999997 0.6103518518518518 0.06415625000000004 0.1588518518518518
1 0.49642708333333335 0.8649629629629629 0.04837499999999994 0.159574074074074
1 0.23216666666666666 0.49437037037037035 0.06510416666666667 0.14833333333333337
1 0.3841458333333333 0.6261296296296297 0.039760416666666624 0.14744444444444446
1 0.35803124999999997 0.7862777777777777 0.06710416666666662 0.15338888888888896
1 0.30975 0.7709814814814815 0.06017708333333331 0.16329629629629622
1 0.21787499999999999 0.6331296296296296 0.07720833333333334 0.13433333333333328
1 0.2875520833333333 0.34944444444444445 0.06229166666666665 0.14514814814814814
1 0.5769270833333333 0.5859444444444445 0.06888541666666655 0.16349999999999992
1 0.34809375000000004 0.6153333333333333 0.049364583333333316 0.1538333333333332
1 0.14969791666666668 0.3431296296296296 0.09079166666666667 0.10283333333333339
1 0.6065208333333333 0.8296296296296296 0.07165624999999996 0.16446296296296287
1 0.5508124999999999 0.8991481481481481 0.06747916666666663 0.16414814814814813
1 0.5201145833333333 0.6465740740740741 0.060395833333333294 0.15916666666666676
1 0.22549999999999998 0.349462962962963 0.05619791666666665 0.1462407407407407
1 0.39707291666666666 0.9118333333333333 0.06271875000000003 0.16053703703703714
1 0.21527083333333333 0.724462962962963 0.07585416666666665 0.13562962962962966
1 0.32598958333333333 0.37348148148148147 0.05350000000000001 0.15546296296296294
1 0.5365208333333332 0.1446296296296296 0.07881250000000002 0.15412962962962967
1 0.38987499999999997 0.37837037037037036 0.04484374999999995 0.1544444444444444
1 0.45678124999999997 0.870925925925926 0.07092708333333336 0.16735185185185186
1 0.265625 0.7718333333333334 0.052083333333333336 0.17592592592592593
