1 0.757053012008797 0.5634796552332549 0.09126951306402754 0.16758243617394672
1 0.7220535378730446 0.41031402213474677 0.09311037116203996 0.15278916887695015
1 0.6964919374509524 0.6989874358454521 0.07031494211303363 0.15995955358835573
1 0.4336219619074858 0.3369485467876253 0.07153846520619117 0.17108143845837603
1 0.3572078775843188 0.13612435423107333 0.08942865496601513 0.18237570347094315
1 0.689476373977468 0.2682864345446227 0.07784908401502122 0.17484978471553483
1 0.698486784684074 0.5452783452622938 0.08189451306402755 0.1674854723437641
1 0.5562562626904852 0.38729931129243683 0.05260660877970054 0.15977639968689977
1 0.4189485768013196 0.08768054505318608 0.08710284639736088 0.16753934113830998
1 0.6014769580368273 0.6479962500258079 0.0724892036596124 0.16553665666172965
1 0.769565724597971 0.7219692080707714 0.09896634890464355 0.1287797373563312
1 0.644300266297336 0.2594844426987402 0.05906877461060608 0.17280400520331773
1 0.7350121867249264 0.31876586681608104 0.08796265663753691 0.156439003786108
1 0.47359530971256075 0.377183538199898 0.059099084015021335 0.1746558570551696
1 0.6393972819129841 0.6863578420684104 0.07448160877970053 0.1600026486239924
1 0.5365698024988589 0.6352858530569473 0.07883013187285784 0.1711568547707402
1 0.5940043113840824 0.40435922015928843 0.06945513187285783 0.17105989094055768
1 0.47045603145076564 0.12340441818383009 0.07067865496601514 0.18218177581057796
1 0.3806467560487366 0.8364852751545307 0.0881142036596124 0.16569826304536728
1 0.3640990720949002 0.3834597009218419 0.08835667889493332 0.1805130778601821
1 0.5165516917394913 0.3942973158612955 0.0736217985395245 0.17110298597619447
1 0.5925806458169841 0.23672353253105913 0.0841597028238515 0.17861813097269355
1 0.5000374485353127 0.13019295179422308 0.0967203216326818 0.18245111978330739
1 0.5708348990059545 0.1012905508909629 0.08412939341943636 0.1767662791208417
