1 0.43854166666666666 0.06889193325189961 0.08854166666666667 0.08697826927184919
1 0.6125 0.24728409715027344 0.09479166666666666 0.12625516671064635
1 0.6270833333333333 0.15837463561857804 0.09270833333333334 0.13538508978660282
1 0.3734375 0.06855388122739178 0.0875 0.07765434192093855
1 0.3463541666666667 0.31965028862223355 0.10104166666666667 0.15997650859388798
1 0.45729166666666665 0.6478337366794024 0.10104166666666667 0.13775428637166576
1 0.465625 0.4613140443755764 0.09895833333333333 0.1265138390772519
1 0.35104166666666664 0.14031166540503517 0.10104166666666667 0.1284950271124065
1 0.5270833333333333 0.07994427659782287 0.09583333333333334 0.10039390887637183
1 0.621875 0.06545870256772851 0.09375 0.05952383195232832
1 0.30833333333333335 0.617289903276958 0.10208333333333333 0.1396708063151689
1 0.45625 0.29036166118034357 0.09583333333333334 0.13928279776526079
1 0.29270833333333335 0.7274309930132983 0.10416666666666667 0.16202236472069412
1 0.45416666666666666 0.38097306573778156 0.09375 0.11507938750788395
1 0.2994791666666667 0.5102587430164397 0.10625 0.14363318238547837
1 0.4666666666666667 0.556749082837598 0.103125 0.12677251144385765
1 0.4984375 0.7726103485218543 0.109375 0.16049385332709906
1 0.36041666666666666 0.22793071526693467 0.10520833333333333 0.11579073651604908
1 0.6166666666666667 0.37717239914650863 0.1125 0.1347619316761273
1 0.7567708333333333 0.6553147019180643 0.06145833333333333 0.10566726925928349
1 0.3484375 0.8327425877684993 0.11875 0.1666314217075172
1 0.275 0.4217020058255952 0.11145833333333334 0.11803059691780925
