1 0.5305976690127773 0.9592592592592593 0.09062787207036796 0.07962962962962963
1 0.36427636132000707 0.7870370370370371 0.09680653349844602 0.11666666666666667
1 0.346298315690251 0.8768518518518519 0.09496578218879889 0.1259259259259259
1 0.5957260938818126 0.9583333333333334 0.08934362338001496 0.07037037037037037
1 0.6330534915927436 0.7064814814814815 0.10397834518845363 0.15185185185185185
1 0.533755620624129 0.3814814814814815 0.10339614833160672 0.12962962962962962
1 0.5189596304123345 0.5685185185185185 0.10102171656984993 0.11851851851851852
1 0.6220974003332316 0.8861111111111111 0.10315356630792062 0.12037037037037036
1 0.44277090129839286 0.9518518518518518 0.09835618637966968 0.0962962962962963
1 0.34642814571531855 0.9712962962962963 0.09525400854685438 0.05740740740740741
1 0.6814896327554388 0.4083333333333333 0.1044863314030105 0.13148148148148148
1 0.5223086211765086 0.7388888888888889 0.09823633140301051 0.13148148148148148
1 0.7015881170396733 0.2972222222222222 0.10715186159319075 0.1537037037037037
1 0.5277866668062646 0.649074074074074 0.09651543507002268 0.10555555555555556
1 0.6865124394830477 0.5148148148148148 0.10870151447441453 0.13333333333333333
1 0.5214339670539336 0.4740740740740741 0.1051883832365166 0.11851851851851852
1 0.49687779487248857 0.25833333333333336 0.11226316211704959 0.15
1 0.6155235046892149 0.799074074074074 0.10797376840335601 0.10555555555555556
1 0.3645475096516138 0.6574074074074074 0.1147089324507282 0.12407407407407407
1 0.2342036793503564 0.38425925925925924 0.06407821918914418 0.1
1 0.6496175357049586 0.1935185185185185 0.12183222773599857 0.1574074074074074
1 0.7081662435913623 0.6027777777777777 0.11427228480809314 0.10740740740740741
