1 0.4679479166666667 0.6614444444444445 0.07372916666666664 0.15551851851851856
1 0.11944791666666667 0.6131851851851852 0.06440625000000001 0.14944444444444452
1 0.05085416666666667 0.6653518518518519 0.09872916666666667 0.14974074074074076
1 0.2668958333333334 0.9438518518518518 0.05682291666666665 0.11227777777777777
1 0.51165625 0.5616666666666666 0.08345833333333334 0.15631481481481477
1 0.29092708333333334 0.5231111111111112 0.07996874999999998 0.15272222222222226
1 0.3591875 0.1941296296296296 0.08595833333333332 0.14744444444444443
1 0.42217708333333337 0.6740185185185186 0.0575104166666667 0.1558518518518518
1 0.16903125000000002 0.7455925925925926 0.0620104166666667 0.15474074074074065
1 0.3504791666666666 0.7535925925925926 0.052114583333333304 0.15316666666666673
1 0.23005208333333332 0.5638703703703704 0.07781249999999999 0.15316666666666673
1 0.5607500000000001 0.850037037037037 0.08637500000000002 0.15183333333333335
1 0.58371875 0.7569259259259259 0.08905208333333334 0.14355555555555552
1 0.3618020833333333 0.9115555555555556 0.048302083333333336 0.16562962962962974
1 0.30934375000000003 0.9195 0.05826041666666661 0.15611111111111103
1 0.18930208333333332 0.5684259259259259 0.06902083333333332 0.15255555555555556
1 0.3846458333333333 0.694925925925926 0.05363541666666668 0.14648148148148152
1 0.42364583333333333 0.9532592592592593 0.07242708333333331 0.09348148148148151
1 0.4994375 0.8726481481481482 0.0652708333333333 0.15572222222222218
1 0.30942708333333335 0.7615555555555555 0.08056250000000004 0.153074074074074
1 0.11319791666666666 0.7746296296296297 0.07318750000000002 0.15996296296296295
1 0.18787500000000001 0.8763148148148148 0.04240624999999998 0.16270370370370374
1 0.21205208333333334 0.9444444444444444 0.046135416666666686 0.1111111111111111
