1 0.500329918560681 0.017068830604971014 0.08267349621197144 0.03413766120994203
1 0.4285472835506395 0.21776727291327772 0.09273942586538007 0.11020735004326683
1 0.5045992242967757 0.059650649438654425 0.0887182180731152 0.11930129887730885
1 0.636945438041343 0.04988794102906542 0.0831826022723779 0.09159186769456569
1 0.6580385965914334 0.12929132172160235 0.09723337499945094 0.14358377841223685
1 0.5802018782469601 0.048585018132775694 0.07804699837624535 0.09717003626555139
1 0.41888518479493214 0.14102315865051765 0.08647124350607976 0.10829085563795986
1 0.5657032719173926 0.4635458114416703 0.09389018668784814 0.1213292349132871
1 0.5615157867981487 0.4126683674308357 0.09268487878747939 0.10465179448771117
1 0.674177062232212 0.7133243320437689 0.10143640638471775 0.14733057715157732
1 0.703733196430376 0.4611923624602784 0.0983295887440183 0.14915010772670156
1 0.7146149664526559 0.6258778921681831 0.09823867694751698 0.1398908484674423
1 0.5777149843095634 0.5661889172330834 0.09389018668784814 0.1213292349132871
1 0.6560306287885778 0.17467785273033648 0.09944398484788573 0.15656828889301813
1 0.5701010370684084 0.33388386053531316 0.08939623755377729 0.0879528065443171
1 0.42299203219714443 0.043398772489991064 0.08526593560571112 0.08679754497998213
1 0.7014979491362676 0.5297270416171608 0.09909852002118148 0.12138310370783306
1 0.4310567194277086 0.3334703054978363 0.09398109848434923 0.13058849417254637
1 0.665456356873382 0.2754960410671706 0.09507731222891636 0.1361548234870111
1 0.5393422310631524 0.6554656614427026 0.09714246320294961 0.1343245191529777
1 0.5693294696979682 0.2533444656181213 0.09177048863591418 0.11760398369176507
1 0.7301995124473211 0.3646321090707073 0.10840079058398047 0.11407266013060817
1 0.29784566071656104 0.5876001900187158 0.11183489069208434 0.14558646288881716
