1 0.20676041666666667 0.696962962962963 0.09443749999999997 0.15322222222222223
1 0.21425 0.5823518518518519 0.09042708333333334 0.14940740740740752
1 0.17276041666666667 0.41968518518518516 0.08142708333333334 0.16170370370370363
1 0.2936666666666667 0.25307407407407406 0.06937500000000002 0.16112962962962962
1 0.23269791666666664 0.4263888888888889 0.07836458333333335 0.16333333333333336
1 0.27310416666666665 0.7418518518518519 0.06409374999999998 0.16922222222222222
1 0.3428229166666667 0.28650000000000003 0.06412499999999995 0.1669074074074074
1 0.1328125 0.24651851851851853 0.10683333333333334 0.11772222222222221
1 0.5612083333333333 0.5907407407407408 0.06497916666666673 0.1735370370370371
1 0.37429166666666663 0.7631851851851852 0.08314583333333339 0.17311111111111113
1 0.4589375 0.5602037037037036 0.0626979166666666 0.1698333333333334
1 0.22089583333333335 0.25377777777777777 0.06685416666666667 0.16429629629629627
1 0.5376770833333333 0.8540555555555556 0.06815625000000007 0.1793333333333334
1 0.48018750000000004 0.8598703703703704 0.07347916666666662 0.17831481481481484
1 0.6268229166666667 0.5274074074074074 0.07843749999999995 0.18161111111111114
1 0.5744791666666667 0.053703703703703705 0.06770833333333333 0.10740740740740741
1 0.41291666666666665 0.5779444444444444 0.06037500000000004 0.17035185185185187
1 0.5123854166666667 0.5680740740740741 0.060499999999999984 0.17750000000000005
1 0.32785416666666667 0.7301666666666667 0.053781249999999996 0.1807962962962963
1 0.6028125000000001 0.8811851851851853 0.07565625000000012 0.1750185185185186
1 0.4259479166666667 0.8983518518518518 0.061708333333333344 0.17159259259259263
1 0.4192708333333333 0.28438888888888886 0.0721770833333333 0.19575925925925922
1 0.3656979166666667 0.547611111111111 0.06027083333333335 0.18518518518518517
1 0.6573645833333334 0.7956296296296296 0.07514583333333344 0.2023888888888888
