1 0.5479895833333334 0.15146296296296297 0.04538541666666666 0.14418518518518517
1 0.5900312499999999 0.5853148148148148 0.0625 0.16798148148148154
1 0.6183020833333334 0.8220925925925926 0.05803125000000004 0.18122222222222226
1 0.5710520833333333 0.8961666666666667 0.05878125000000007 0.16270370370370374
1 0.5182291666666666 0.8604444444444445 0.04836458333333334 0.1706296296296296
1 0.47209375 0.8664074074074074 0.04538541666666672 0.16137037037037036
1 0.41964583333333333 0.9080740740740741 0.04761458333333337 0.16005555555555567
1 0.37277083333333333 0.7916666666666666 0.06696874999999997 0.1574074074074074
1 0.3288645833333333 0.7612407407407408 0.040177083333333384 0.18122222222222226
1 0.28683333333333333 0.7678518518518518 0.04538541666666669 0.16005555555555567
1 0.22209375 0.7420555555555555 0.078125 0.14020370370370377
1 0.23399999999999999 0.6329444444444445 0.07217708333333332 0.12301851851851843
1 0.24888541666666666 0.4973518518518518 0.06027083333333335 0.13757407407407407
1 0.19642708333333334 0.49007407407407405 0.06696875000000002 0.14683333333333332
1 0.17336458333333335 0.328037037037037 0.08333333333333333 0.12433333333333331
1 0.24181249999999999 0.34325925925925926 0.04017708333333333 0.15211111111111109
1 0.30245833333333333 0.3531666666666667 0.046875 0.14020370370370366
1 0.34746875 0.3630925925925926 0.04910416666666665 0.16270370370370374
1 0.4073645833333333 0.375 0.04538541666666672 0.1653518518518519
1 0.3668125 0.6130925925925926 0.04910416666666665 0.16270370370370374
1 0.4036458333333333 0.6382222222222222 0.039437500000000014 0.16270370370370374
1 0.44903125 0.6190555555555556 0.04389583333333332 0.16401851851851862
1 0.4925625 0.6236851851851852 0.038687499999999986 0.17857407407407397
1 0.5360833333333334 0.6428518518518518 0.046875 0.16137037037037036
