1 0.5822187499999999 0.1474814814814815 0.04985416666666656 0.14153703703703704
1 0.20052083333333334 0.34127777777777774 0.09152083333333334 0.10581481481481479
1 0.2738125 0.35516666666666663 0.041666666666666664 0.14153703703703704
1 0.3385416666666667 0.35053703703703704 0.04613541666666663 0.15079629629629632
1 0.37834375 0.37962962962962965 0.037947916666666616 0.1455
1 0.44196875 0.38227777777777777 0.04761458333333337 0.14814814814814814
1 0.23511458333333332 0.4980185185185185 0.06547916666666666 0.141537037037037
1 0.2901770833333333 0.5006666666666667 0.06398958333333331 0.13094444444444445
1 0.27157291666666666 0.6422037037037037 0.07440624999999998 0.12831481481481474
1 0.2704583333333333 0.7308148148148148 0.06472916666666666 0.13359259259259257
1 0.3218020833333333 0.7817407407407407 0.04538541666666672 0.1587222222222223
1 0.36495833333333333 0.7731481481481481 0.039437500000000014 0.16270370370370374
1 0.41071875 0.7923333333333333 0.04910416666666665 0.1640185185185184
1 0.4073645833333333 0.6223518518518518 0.037947916666666616 0.15475925925925935
1 0.44084375 0.6395555555555555 0.039437500000000014 0.1574074074074074
1 0.484375 0.6111111111111112 0.043156249999999945 0.16137037037037036
1 0.5256666666666666 0.625 0.040927083333333295 0.1574074074074074
1 0.5744062499999999 0.6494629629629629 0.052083333333333336 0.1587222222222223
1 0.6276041666666666 0.5899444444444444 0.055802083333333266 0.17988888888888888
1 0.6666666666666666 0.828037037037037 0.06993750000000011 0.1772407407407408
1 0.6104895833333334 0.9074074074074074 0.05878125000000007 0.1640185185185184
1 0.4561041666666667 0.9140185185185185 0.050593750000000055 0.16666666666666657
1 0.5085520833333333 0.8690555555555556 0.046875 0.18783333333333324
1 0.5531979166666667 0.8664074074074074 0.04985416666666662 0.1772407407407408
