1 0.5387350736298686 0.6113882486266875 0.08273149521894917 0.18311914826601922
1 0.8038739787093443 0.402897195652624 0.09188824040962563 0.17220197137939292
1 0.5629662254748561 0.597994969422593 0.08370041028250814 0.17943699280948058
1 0.5258845251146529 0.8677081182544317 0.06796628287784638 0.17355821354645043
1 0.7540492419279157 0.41946624650488046 0.08244048880651794 0.1683043334512045
1 0.6156067679430767 0.5972313040525722 0.05833665226696923 0.16040131635900295
1 0.655925870485431 0.7462737044580666 0.08571099201273379 0.17577638560010683
1 0.7018385712110704 0.7166554976541873 0.080611786084062 0.1812241999198376
1 0.7811540600175884 0.5515618530305636 0.09375331893363589 0.16113395676261189
1 0.6866947539653605 0.29394843987075325 0.08028440387007692 0.16455753325317082
1 0.42132931882054503 0.6200751819317393 0.08901787102050325 0.18510028960086114
1 0.6504182775617235 0.5757201739867941 0.0678571554731846 0.16800265799089487
1 0.8226091097422031 0.2448870860267652 0.10261905771188111 0.13540196506117066
1 0.4138326068448783 0.8690953853879009 0.09221562262361095 0.1888686380460597
1 0.4743451693378101 0.9129877547209672 0.08797620435383648 0.1740244905580657
1 0.4830472390871361 0.6611828915764524 0.07949736781428753 0.1774989479689688
1 0.7480505756832304 0.2739127160336078 0.07403440387007691 0.16442824377018106
1 0.6282340611704421 0.8827935835631443 0.08165345275072866 0.18124574816700267
1 0.7914053761104447 0.6397726208359238 0.092711652266969 0.16111240851544678
1 0.651071404600949 0.33026361062776377 0.0720965737429592 0.1717925546832585
1 0.4228405961299231 0.17177619605343633 0.09724207694917482 0.17971712002262524
1 0.5880439554784175 0.3558225676497173 0.06369048880651794 0.16791646500223503
1 0.5655951737534247 0.862045470165219 0.09117395595694427 0.1888470897988946
1 0.7458613897227248 0.7036716351462273 0.07353837422671887 0.19218447330079394
