1 0.4190336084085188 0.45498746385177075 0.09106228204134273 0.1138895062291522
1 0.538407083141644 0.9788238978895796 0.08270383270004635 0.03233260843530675
1 0.3738228788611347 0.9008857484086907 0.09421152710212972 0.11577367935773156
1 0.4032566766700468 0.9607746552238735 0.07800464564324076 0.07116762852964947
1 0.6085000711737967 0.8419693974137354 0.08459407649425922 0.09715819700903042
1 0.5310907359406023 0.9372272606558226 0.0848365271021296 0.11567671552754914
1 0.5933829110295605 0.7615592876034538 0.08779181167662055 0.10274607384131337
1 0.448889517413264 0.348182769603014 0.09338806598254644 0.13242957226548896
1 0.45836802976023194 0.9527962385942799 0.07819860612953704 0.0859824433444643
1 0.27781460441923633 0.4110715509341392 0.09551988943745376 0.1361548234870111
1 0.37227163044435224 0.8221874315844416 0.095010743160926 0.09726593459812209
1 0.4455372376509031 0.6093639101470347 0.09387209625111113 0.08984775343180562
1 0.6124377161837505 0.9437943148683142 0.08352816476680544 0.09529557139826929
1 0.3557253181344448 0.7519786675977088 0.09350929128648151 0.14168883152474843
1 0.45207948480111143 0.7509820948986101 0.08893045858643518 0.11016425500763005
1 0.44498090767356513 0.6862319226372504 0.08750087094717594 0.08052385161909115
1 0.5830255505940976 0.6468360497393668 0.09227366413351869 0.1268632429510241
1 0.6989505655388196 0.39004689878871057 0.09149869313550928 0.1472228395624854
1 0.31095310631909734 0.31627157244569193 0.09886309498453714 0.15285381143040527
1 0.44306554787138913 0.539935626340954 0.09055313576481486 0.0750006173402632
1 0.2865627166274772 0.6813880525099638 0.10637209625111115 0.08997703853871565
1 0.3024409833449771 0.5812102854879624 0.09610089994916678 0.10098041206073487
1 0.3014469358527086 0.5052843595620364 0.10324709625111114 0.08994471726198804
