1 0.26814583333333336 0.43207407407407405 0.05518750000000002 0.15637037037037033
1 0.42740625 0.6453703703703704 0.046291666666666606 0.15659259259259248
1 0.12926041666666668 0.5761296296296297 0.07266666666666666 0.15035185185185196
1 0.4661145833333334 0.8706296296296296 0.04507291666666665 0.16212962962962954
1 0.47211458333333334 0.6545925925925926 0.05870833333333335 0.15757407407407414
1 0.09569791666666667 0.44135185185185183 0.08922916666666665 0.1173333333333333
1 0.34789583333333335 0.6747777777777778 0.046927083333333286 0.1486111111111111
1 0.16190625 0.4332592592592593 0.05529166666666665 0.14868518518518523
1 0.5327395833333334 0.5844444444444444 0.07531250000000002 0.1625
1 0.18392708333333332 0.7121666666666666 0.07720833333333334 0.13957407407407407
1 0.33338541666666666 0.425037037037037 0.07290625 0.15877777777777774
1 0.2367395833333333 0.42392592592592593 0.07526041666666664 0.15338888888888885
1 0.38919791666666664 0.6463888888888889 0.061489583333333306 0.15475925925925935
1 0.33298958333333334 0.8373888888888888 0.06853124999999996 0.15714814814814818
1 0.18926041666666665 0.5707222222222222 0.06418750000000001 0.147111111111111
1 0.28530208333333335 0.8212962962962963 0.056020833333333304 0.1633333333333334
1 0.31044791666666666 0.6657592592592593 0.05956249999999995 0.14894444444444457
1 0.5754374999999999 0.8086481481481482 0.08800000000000002 0.16261111111111123
1 0.3746770833333333 0.9293703703703704 0.06156250000000003 0.13153703703703698
1 0.5320625 0.892962962962963 0.06910416666666665 0.16494444444444453
1 0.18282291666666667 0.8028703703703703 0.07864583333333333 0.13203703703703695
1 0.45718749999999997 0.16137037037037036 0.07243749999999996 0.14772222222222225
1 0.92225 0.2665370370370371 0.06770833333333333 0.10185185185185185
1 0.4322916666666667 0.8809444444444444 0.04464583333333335 0.16137037037037036
1 0.24107291666666666 0.8333333333333334 0.04017708333333333 0.17988888888888888
