1 0.48164081754078997 0.33028312488150985 0.07665179711007089 0.1637171260866053
1 0.4345960388842715 0.3233605366250154 0.054861686438330066 0.16719458085321623
1 0.36177753130513385 0.2602096502214051 0.058773685120219216 0.15612656477774192
1 0.2587400560197132 0.4696580676018382 0.06389712912529338 0.15247672986858404
1 0.08058588111485343 0.4020397752924992 0.09263934915066413 0.13425987659952246
1 0.52903310608314 0.42055520710970146 0.08519735376405227 0.17306257541713801
1 0.5612195704941457 0.12015119115060728 0.0841556870973856 0.17305180165822884
1 0.3119968442077482 0.08846147339118664 0.07165568709738561 0.17292251655131868
1 0.49636034684397 0.1087821271659392 0.08007390975897812 0.1767124103262958
1 0.1302825882886429 0.27464384861573393 0.07656690778181179 0.1600134223829016
1 0.1509929954113992 0.4281697852974362 0.07027446311768219 0.15809692797759473
1 0.31909042030386536 0.2615773002626073 0.07544035178688588 0.1562989449202887
1 0.26376184256010965 0.07658727741831377 0.06710701845355262 0.15317455483662754
1 0.5956759150314217 0.21426164906886727 0.09644346377673756 0.1639218275058797
1 0.3941310925725033 0.3080345856022779 0.07144346377673756 0.16366325729205944
1 0.18758397992359613 0.2972048269033319 0.06623513044340434 0.1636093884975135
1 0.3236302269702403 0.505106592540035 0.0891942417742006 0.16569826304536728
1 0.3590416228642666 0.0953840616476811 0.06944501977166352 0.1673454134779448
1 0.8382824980724083 0.9119183565061214 0.08088390316842341 0.12117840228855854
1 0.1959650751075339 0.16282705629607175 0.05968801779449713 0.15058178298109554
1 0.4179850402271698 0.8032756708657383 0.09327601911260809 0.16203765437730025
1 0.46850151219252584 0.09795652066592127 0.07799057642564478 0.17669086280847748
1 0.4172493946007028 0.04614422899104131 0.05949878920140558 0.09228845798208261
1 0.21174217622297067 0.07838464313535647 0.061813795791960044 0.15245518235076574
1 0.22019838935304656 0.4700566966814777 0.06060235046877504 0.14503700118444915
