1 0.40694762203723356 0.5398637496286555 0.09733557819336731 0.14274472772708305
1 0.3988869994762887 0.6230246969846689 0.09721437340563904 0.10570769069004621
1 0.3576142483697388 0.7425331374684405 0.09098255412379833 0.11113395676261167
1 0.4650607983946571 0.9459870902232436 0.08892346174801062 0.10802581955351293
1 0.46192263615419005 0.46970951043210263 0.10259845368117837 0.1595191356295747
1 0.29650333703942994 0.3699978169601584 0.10259239344179202 0.15766728377772277
1 0.25730855353462306 0.8061944723577615 0.10147800390248835 0.13542351330833577
1 0.2848968750950276 0.48363890100665013 0.1046514858175796 0.15030297286464542
1 0.3547377181845817 0.8183944186528715 0.09316891152670065 0.14265853473842333
1 0.23986384061459867 0.8863837077115125 0.10144770270555625 0.1261642540490765
1 0.35259274069569 0.32208734823299273 0.09849238940837578 0.1779514611594333
1 0.38713509178661254 0.6922213365867163 0.09626361032976855 0.1334639202206589
1 0.4907509711769118 0.8443546130560484 0.09949163439933766 0.16501004644363523
1 0.264854403001621 0.7248746027300172 0.09834088342371554 0.13165516486313703
1 0.6658475877531963 0.7183558630737166 0.09847420869021638 0.17239590560387755
1 0.27620027465240765 0.5316038890538959 0.10463936533880679 0.1465992691609417
1 0.23792525851874308 0.6122880853902735 0.067024220790465 0.11063834707781742
1 0.4651759429429989 0.9812153719027584 0.08035983931799369 0.03756925619448305
