1 0.20472736884682013 0.5660173620608928 0.08333406312327216 0.16522037653257118
1 0.4233860972841235 0.6754196171114639 0.05416739645660561 0.16310757547367585
1 0.48593348615533644 0.9115417152044478 0.06360300090175694 0.17304594935900847
1 0.25424895862509284 0.5631200966614659 0.07498860890090851 0.16276486723532058
1 0.24487286394018457 0.8014430566952936 0.0926484586781207 0.15664023189938528
1 0.4990160186187295 0.6642235960437228 0.058406788457453965 0.17452051530748622
1 0.45475124572991127 0.6600907399391165 0.058394667568423604 0.17266866345563459
1 0.37384632617230534 0.6810946602886686 0.06775754667939336 0.1714959262298561
1 0.5417596199342455 0.9007638595557366 0.06571057601315099 0.17690056742406182
1 0.5505482163961537 0.6725883561167568 0.06148330490133276 0.16733947944210328
1 0.34525613152451656 0.4316841798268761 0.06875072978993882 0.16416397600312352
1 0.24658117950351752 0.6996666620241165 0.08845755023339344 0.1526346994729823
1 0.3910633986049422 0.8370447905801077 0.07405603023551457 0.17935607672131262
1 0.3000769613038498 0.4080314220971505 0.06978027556757524 0.16238758133194647
1 0.236953100413759 0.41920700340706374 0.06247648801187822 0.1600075292153708
1 0.5905725025992152 0.9179265739012095 0.07615148445787814 0.164146852197581
1 0.5999065390674869 0.6150237324973628 0.07926436356884778 0.1797333626246865
1 0.34839142793869976 0.828395490616884 0.06363936356884778 0.17860150491456403
1 0.4073019630808499 0.42598869689184365 0.07506133423509027 0.1738759783464318
1 0.44294031192979116 0.9345358805794113 0.06563785067896906 0.1309282388411774
1 0.17077696485784993 0.4190451020638414 0.09763861600890866 0.12368418446942626
1 0.3113577172713968 0.8340500940362607 0.06882345512412064 0.17527508711423462
1 0.6457872612720332 0.8499385156995493 0.09704542223636281 0.19212724580726995
1 0.534453055988758 0.18600721308908708 0.08650754667939348 0.17285415548200306
