1 0.548816367555189 0.06855950298220316 0.09346606844371147 0.05397266966805487
1 0.487125140230466 0.08102013809592344 0.09300028046093196 0.08907160346704052
1 0.3214722729390846 0.224497946632106 0.10674296604195194 0.16603254602736084
1 0.4033260189143533 0.10921896099894633 0.10313301557130998 0.13614416223913267
1 0.5817596864167808 0.11104811076920355 0.10935270616689484 0.13480981870447803
1 0.3519119345911863 0.3046907632234707 0.10870506175762482 0.1587976413923525
1 0.5731345931640524 0.6327731110450594 0.11290203782870663 0.16099449878900243
1 0.6197981165653554 0.27416584308517294 0.1165422977037636 0.19273473442908262
1 0.5307476399223204 0.45819926207318074 0.10968610961546119 0.15518018907484835
1 0.3068298864695423 0.12434573023053772 0.09952306510066815 0.10625577845090443
1 0.710024397290095 0.5433186194836717 0.11611796604195206 0.16680880850315682
1 0.6989975347494709 0.4416164310819498 0.11734148913510936 0.17800617100046726
1 0.5554342754020289 0.7589121124850461 0.11954606008610304 0.18558608118027375
1 0.2843377386728909 0.7521843671208079 0.07626184806888242 0.14686458916090755
1 0.5283420500569733 0.3747796773536479 0.10962549080663091 0.15147648537114464
1 0.5489146221075355 0.55124595091904 0.11382246687771272 0.15367334276779476
1 0.5899399070554172 0.19771985589061167 0.11367091985563699 0.1444140835085354
1 0.7419755213772977 0.6523013911649396 0.11633013187285783 0.17977177146611978
1 0.706184684173306 0.340497716012794 0.11069746687771272 0.15341458860919605
1 0.37022489034020084 0.43843506711697094 0.12671648913510936 0.17878243347626313
1 0.5000311858448275 0.29753714131246 0.11697777628212785 0.15578394877824514
1 0.708958871117702 0.7642267845420699 0.1299627267527697 0.18644859504226916
