1 0.4733495124920281 0.6037305483533737 0.07406815112454482 0.17894308904609066
1 0.1875389169318768 0.555355401667119 0.08439997156799943 0.1664111493860084
1 0.4478286791586948 0.6047865554454315 0.07612724267981755 0.17532559000296313
1 0.5270025009547848 0.8413902466537851 0.059436334235090274 0.17093224901465023
1 0.23747225204221017 0.5431013046281066 0.07501285067896912 0.16417137656156405
1 0.39800443204963404 0.6337073191511106 0.04997648801187822 0.1575813650790948
1 0.38397902450666377 0.7991471177551024 0.07817421334606003 0.16985623910798378
1 0.3349903889507547 0.7965432976490119 0.07197269690218124 0.17700503253366265
1 0.2337059396085127 0.6840360058551437 0.08639845867812064 0.1535343910836216
1 0.28123970358581674 0.38476642294423824 0.07290527556757524 0.16038146819728408
1 0.5860127795989677 0.5444243158874889 0.08031815112454481 0.179201703027819
1 0.3610131444939371 0.6333856000244851 0.06044163823466609 0.16541979578938287
1 0.14389727514321066 0.4145300046163372 0.09767497867599957 0.1262307389390125
1 0.6339062991724821 0.777691447374855 0.0834673929026053 0.18303471372238686
1 0.5839187849564819 0.8612633918753078 0.0792886053469085 0.18101045254938308
1 0.5344021609378159 0.6188016546241144 0.07194845512412064 0.17330132882995894
1 0.21986621647569554 0.4002724233941972 0.06665527556757518 0.16012285421555564
1 0.4320778694037543 0.9045933691344026 0.07393482134521155 0.15857271867572031
1 0.23794569650433056 0.7746258884398762 0.08535679201145403 0.1534912887533334
1 0.32144689780924096 0.3988477239688884 0.06463254667939336 0.1692959088142388
1 0.5128882333439388 0.11770409355230377 0.09069845512412063 0.17407717077514417
1 0.3854548538086046 0.3878635973228389 0.056274971567999425 0.1652473864682305
1 0.4880369680670273 0.8578213988544026 0.08243784712496899 0.18484346324395073
1 0.2913131142849365 0.8094647066322217 0.06475375556969638 0.18781442733275744
