1 0.543877249071219 0.8627168493459269 0.09068783895834708 0.11017502876653933
1 0.4044014057538028 0.6466110354828007 0.09032408094280792 0.09165651024802081
1 0.4223974486440048 0.4992325937563955 0.09883929328391083 0.10100195957855342
1 0.2848809202100457 0.4219671868670668 0.09920305129944988 0.11952047809707193
1 0.4550131565129477 0.9330662895387423 0.09306217870411165 0.12501139109917248
1 0.31297447865279904 0.7679025622399057 0.09894842068857249 0.10655751513410897
1 0.27940804362107424 0.3294500105868385 0.10165014264832226 0.1380605441334088
1 0.4154315047245054 0.562254812393359 0.09500000883122936 0.11762553120958341
1 0.5397486176729241 0.7812946235384459 0.0939583421645627 0.11761475745067435
1 0.32613919988167644 0.25675912985206706 0.10707673079097901 0.14922552403906586
1 0.5450379778653814 0.6710771170765332 0.09737434857699394 0.13246189354221655
1 0.3047849890588635 0.8401948138950376 0.09974868832275838 0.1472982558748497
1 0.3094212442901683 0.6836971717751923 0.09770173079097902 0.14912856020888324
1 0.38105482317961437 0.9338312264212938 0.0801256690854648 0.10265988377004003
1 0.2775148424734534 0.5053597758744006 0.10031746956922423 0.1232349555596849
1 0.5358448347950778 0.9535222326401226 0.09014220193503845 0.08239725098876155
1 0.4570303981885179 0.3266871587668979 0.10387897918787109 0.14548949905863454
1 0.4142294658844819 0.41137198150306964 0.09830688783899882 0.12691711174557016
1 0.32182532638582995 0.9270379232717093 0.08723545674436188 0.09347604082314505
1 0.39922778875520554 0.7244265214167607 0.0952910152436606 0.13244034602439822
1 0.6931530740518499 0.4473681161248447 0.09867064585453798 0.1454356302640886
1 0.24978170103453015 0.5917402309582411 0.10315146315679312 0.1084524620215975
