1 0.45769752507282463 0.40328931745466834 0.06540970282385151 0.17971722943646865
1 0.5063471909037305 0.39182942952719085 0.07061803615718484 0.17987885040802612
1 0.4457495442509855 0.14630681096135845 0.09371655925034238 0.19170109379399064
1 0.7692826694820948 0.43704448772504095 0.08820513187285783 0.17302095430391448
1 0.7102163369845222 0.4481811337094034 0.08406877461060608 0.17474350937852032
1 0.71781911326665 0.3020464583846646 0.10064451306402754 0.16970514093194897
1 0.5517323330695257 0.1977681890264368 0.09258396437043027 0.18611321404412354
1 0.6789032760626583 0.6102551813287996 0.0724892036596124 0.16698053583368627
1 0.411585833641479 0.38703607599299117 0.08317865496601513 0.1839704444434681
1 0.5458946413743725 0.363411957184243 0.06519753699294574 0.16675426647350566
1 0.4122040450867464 0.15823539970635295 0.08219760710817875 0.18764182395286028
1 0.6331002521337401 0.6069810649272411 0.0685953216326818 0.1835179057231067
1 0.8097784162931243 0.5735549648769982 0.10117091985563699 0.13825598364477906
1 0.6096206065805635 0.1949325521810962 0.08005365496601513 0.18387347186053354
1 0.7428086555823065 0.5900047349595798 0.08299679853952427 0.17285933333235678
1 0.3534965412160878 0.4658299629585692 0.09478853532142419 0.1935852698401539
1 0.7120732262251546 0.20737574458003957 0.0923717985395245 0.17315025108116064
1 0.5693918837427903 0.6151944742594241 0.08945896437043027 0.18601624146118892
1 0.3524446040732811 0.14804342520010758 0.09264458317926057 0.18981691774782725
1 0.44709167564056607 0.8920973958577785 0.09347408401502146 0.1768862789791759
1 0.6525865698514254 0.1805171034071275 0.09157260710817876 0.18793274170166388
1 0.5856295217297813 0.3553810173088212 0.07576575068168788 0.1763367676758801
1 0.3010503714701855 0.23167704905834008 0.10321279686800283 0.19939941895020163
1 0.5065546597167725 0.09260989657871495 0.07022401389978844 0.1558047763339521
