1 0.20133333333333334 0.46950000000000003 0.07442708333333332 0.14481481481481479
1 0.34918750000000004 0.3576851851851852 0.05490625000000004 0.15692592592592594
1 0.2523125 0.4803148148148148 0.06917708333333336 0.14851851851851855
1 0.22328125 0.7132037037037037 0.08260416666666667 0.14059259259259252
1 0.28508333333333336 0.7576666666666666 0.07363541666666663 0.16194444444444453
1 0.23040625 0.6125 0.0765625 0.13205555555555545
1 0.3065833333333333 0.3347037037037037 0.05534375 0.1449444444444444
1 0.47815624999999995 0.6222592592592592 0.06166666666666672 0.1567592592592592
1 0.44955208333333335 0.610962962962963 0.05247916666666666 0.15755555555555564
1 0.6109375 0.8366481481481481 0.07571875000000006 0.16822222222222227
1 0.467625 0.8673333333333334 0.0766875 0.1631296296296296
1 0.5594583333333334 0.9006666666666667 0.07172916666666662 0.16220370370370366
1 0.5348854166666667 0.6531481481481481 0.061020833333333316 0.15696296296296294
1 0.31064583333333334 0.756962962962963 0.08168749999999995 0.16525925925925927
1 0.4053645833333333 0.6196296296296296 0.042489583333333296 0.15181481481481485
1 0.24713541666666666 0.33325925925925926 0.05173958333333332 0.14355555555555552
1 0.5060520833333333 0.8696481481481482 0.06102083333333338 0.16655555555555565
1 0.4135729166666666 0.3723518518518518 0.06704166666666668 0.1566666666666667
1 0.3661875 0.7833333333333333 0.0693541666666667 0.15837037037037033
1 0.5867708333333332 0.5927407407407407 0.06860416666666656 0.16305555555555548
1 0.17954166666666668 0.3228148148148148 0.09043749999999999 0.1007407407407407
1 0.3599479166666667 0.6107222222222223 0.05964583333333332 0.15329629629629624
1 0.41183333333333333 0.9054259259259261 0.055802083333333384 0.1838703703703704
1 0.5647291666666666 0.15872222222222224 0.07440625000000006 0.18783333333333338
1 0.8400312499999999 0.05424074074074074 0.052083333333333336 0.10581481481481482
