1 0.30132291666666666 0.34735185185185186 0.052291666666666715 0.14872222222222223
1 0.4056354166666667 0.6274629629629629 0.041135416666666674 0.14940740740740732
1 0.4893645833333334 0.6190370370370369 0.04622916666666666 0.16277777777777774
1 0.19659374999999998 0.4867777777777778 0.07143749999999999 0.14544444444444443
1 0.5166249999999999 0.8740555555555556 0.0567395833333333 0.16079629629629627
1 0.24877083333333333 0.49294444444444446 0.06643749999999997 0.14759259259259264
1 0.32775 0.7700925925925927 0.04928124999999994 0.1632407407407407
1 0.5675208333333334 0.8986111111111111 0.06706249999999987 0.16229629629629638
1 0.45357291666666666 0.6208888888888888 0.05526041666666662 0.15355555555555547
1 0.3463854166666666 0.36794444444444446 0.054947916666666666 0.15261111111111106
1 0.6133541666666668 0.8268518518518518 0.07155208333333339 0.17083333333333334
1 0.40817708333333336 0.3757037037037037 0.06314583333333333 0.1551111111111111
1 0.17151041666666667 0.3412222222222222 0.08960416666666665 0.10424074074074077
1 0.28629166666666667 0.7734074074074074 0.07217708333333332 0.15774074074074085
1 0.3741041666666666 0.7895 0.07255208333333331 0.15461111111111112
1 0.23016666666666669 0.6237222222222222 0.07464583333333336 0.12987037037037036
1 0.469125 0.8745185185185186 0.05807291666666667 0.16205555555555554
1 0.2392395833333333 0.3461666666666667 0.058500000000000024 0.1485555555555556
1 0.5896041666666666 0.585037037037037 0.07058333333333332 0.16444444444444437
1 0.5373125000000001 0.6473888888888888 0.06024999999999998 0.15833333333333333
1 0.22189583333333335 0.7285185185185185 0.07850000000000001 0.14514814814814814
1 0.36220833333333335 0.6252592592592592 0.06342708333333331 0.15264814814814825
1 0.5498645833333333 0.14916666666666667 0.07105208333333338 0.1564259259259259
1 0.41815625 0.9093888888888889 0.04910416666666665 0.1706296296296296
