1 0.3541770833333333 0.3274444444444444 0.06427083333333337 0.15925925925925927
1 0.19409375 0.44946296296296295 0.0777083333333333 0.15635185185185185
1 0.30493750000000003 0.30127777777777776 0.06007291666666662 0.15383333333333332
1 0.24953125 0.45746296296296296 0.06636458333333334 0.1542592592592593
1 0.41972916666666665 0.5999444444444445 0.04541666666666669 0.15327777777777774
1 0.55690625 0.611462962962963 0.06437499999999995 0.16862962962962974
1 0.36964583333333334 0.5896481481481481 0.05206250000000002 0.1594814814814815
1 0.23734374999999996 0.3026111111111111 0.06404166666666665 0.1546851851851852
1 0.22641666666666668 0.7136851851851852 0.08841666666666666 0.149962962962963
1 0.23336458333333335 0.6017777777777777 0.08508333333333334 0.13933333333333334
1 0.16440625 0.29718518518518516 0.09762499999999999 0.11131481481481484
1 0.3807395833333333 0.7680370370370371 0.0805416666666666 0.17542592592592596
1 0.4609583333333333 0.5816111111111111 0.05730208333333332 0.1646481481481481
1 0.48077083333333337 0.8592592592592593 0.07059374999999998 0.17007407407407413
1 0.5892812500000001 0.8861666666666667 0.07277083333333323 0.1735740740740741
1 0.5355208333333333 0.8500555555555555 0.06275000000000001 0.17470370370370375
1 0.4188854166666667 0.3338148148148148 0.06787499999999996 0.16520370370370366
1 0.6117083333333333 0.5542777777777778 0.07145833333333323 0.16896296296296298
1 0.5110833333333333 0.5873888888888888 0.05395833333333329 0.16796296296296304
1 0.29028125 0.7452407407407408 0.06378125000000003 0.16075925925925938
1 0.33409375 0.7485925925925926 0.057500000000000044 0.17096296296296284
1 0.64725 0.804537037037037 0.08143750000000007 0.17740740740740732
1 0.5703125 0.08862962962962963 0.07365625000000003 0.1534444444444444
1 0.43155208333333334 0.8961666666666668 0.05803125000000004 0.17592592592592604
