1 0.2029375 0.46718518518518515 0.07387500000000001 0.14629629629629623
1 0.4498333333333333 0.6099444444444444 0.05762500000000005 0.16275925925925924
1 0.25413541666666667 0.4797592592592593 0.06655208333333335 0.14848148148148144
1 0.49105208333333333 0.6161481481481482 0.044083333333333384 0.1648333333333333
1 0.31078125 0.3348703703703704 0.06126041666666661 0.1463148148148148
1 0.22393749999999998 0.714574074074074 0.08309374999999998 0.14372222222222225
1 0.35381250000000003 0.35805555555555557 0.06101041666666672 0.15792592592592597
1 0.23163541666666668 0.6093888888888889 0.07609374999999999 0.13414814814814804
1 0.3700104166666666 0.7843333333333333 0.07275000000000004 0.15711111111111117
1 0.2874375 0.7581481481481481 0.07292708333333332 0.1603333333333334
1 0.40709375 0.6183888888888889 0.041458333333333285 0.1566851851851852
1 0.6098333333333333 0.8357037037037036 0.07814583333333332 0.16707407407407412
1 0.24987499999999999 0.33262962962962966 0.05603124999999999 0.148462962962963
1 0.18089583333333334 0.32051851851851854 0.09148958333333332 0.10170370370370373
1 0.3268541666666666 0.76 0.0481354166666667 0.16514814814814827
1 0.5131041666666666 0.8690555555555555 0.06296874999999999 0.16527777777777766
1 0.463 0.8697407407407408 0.06362500000000004 0.16124074074074082
1 0.5581145833333333 0.15214814814814814 0.07527083333333333 0.1627777777777778
1 0.58990625 0.5920185185185185 0.07244791666666663 0.1625
1 0.4145729166666667 0.3712037037037037 0.05996875000000005 0.15464814814814812
1 0.5374583333333334 0.6510185185185186 0.05984375000000005 0.15777777777777785
1 0.36905208333333334 0.6104444444444445 0.04761458333333337 0.14683333333333326
1 0.41219791666666666 0.9034444444444445 0.041666666666666664 0.16931481481481495
1 0.5636145833333334 0.9007962962962963 0.05878125000000007 0.18253703703703714
