1 0.46777360695099157 0.5728964658210156 0.055771935596269626 0.17736594870740965
1 0.5161959563525256 0.5730132033457167 0.06098026892960296 0.1778512059229932
1 0.46328540034294696 0.8306435532793316 0.08392117655381526 0.18739374507896905
1 0.7773879864067548 0.4709240390671948 0.07969996773267099 0.1703388726398355
1 0.718545940218861 0.4727037418995871 0.074497694638724 0.1717054672761035
1 0.7305702114270276 0.6169094949525565 0.09321739344179202 0.16419313399294572
1 0.5676611452684449 0.7570495200787685 0.08390299583565598 0.1818381895234135
1 0.6820818939000393 0.31874166072282406 0.0640567870145117 0.16332754543752873
1 0.42238838407835455 0.5993404258188162 0.07348632916898931 0.18086767509224602
1 0.5567421732405022 0.5933022711382377 0.055729513920564716 0.1644029857444467
1 0.4294554746338259 0.8263903177732184 0.07245678298109558 0.18447432735283317
1 0.6367421228228004 0.3312967318317357 0.057867389408375894 0.18126375529734687
1 0.8137860646001221 0.3268350235389264 0.09623936937222292 0.13300280684081447
1 0.6254887958669109 0.7470335353561596 0.07036738940837589 0.18242837261474784
1 0.7466258356773611 0.324761508286623 0.07344996773267098 0.1697565639811349
1 0.3616872334144246 0.5327957130189234 0.08496890345986827 0.18934264837393766
1 0.7271331090986275 0.7125710196522771 0.08386057415995131 0.16887522656045054
1 0.5726796228228004 0.3372653955834154 0.0797423894083759 0.18330183560279836
1 0.370022902359655 0.8495148426234652 0.08287344964776225 0.18544484178400045
1 0.4428049499096179 0.0883342405834555 0.08491436130539066 0.172675981707271
1 0.6681698581230054 0.7513877595217063 0.08182572274170923 0.18349593848903187
1 0.596316416214756 0.5923920940775793 0.06721208821144369 0.17287795902613812
1 0.3161107657472177 0.7767837398877582 0.09331435727197454 0.19382276362257533
1 0.5256278341189002 0.8729686148404752 0.06196739344179202 0.16128159069944348
