1 0.48699501177292887 0.33320040545060736 0.0901651163144289 0.1796309270339653
1 0.5963787548781103 0.17899226404503044 0.09223632916898955 0.17597031982459158
1 0.40073597183155096 0.07402604177567232 0.07855527699643522 0.13309760001885432
1 0.20047875891152653 0.15043355975197084 0.08078405607504244 0.17758514095762873
1 0.43949918448971975 0.30166440464904565 0.07872496369925473 0.1849494518707062
1 0.318837873471103 0.03344561548433316 0.06892574694220599 0.05512588801659182
1 0.3527738533694862 0.059145933517194736 0.07846437340563904 0.10531982224107658
1 0.07769238739166773 0.18770568140131902 0.11414163036592144 0.18568209227431523
1 0.1393901001807643 0.2621251761322005 0.07971814845083015 0.17015618530305635
1 0.3724901142977208 0.19565568720085783 0.08496284322048192 0.1813750376499923
1 0.24331167440617943 0.3485284859843744 0.0786886022629363 0.17383834075959506
1 0.4029499475655902 0.2731324382204938 0.0849386022629363 0.17396763024258496
1 0.32848394313939067 0.7530408976589325 0.10161132916898931 0.1761642540490763
1 0.29977378278470385 0.4145069061460977 0.0933082970325882 0.1852511273310158
1 0.5337636103297686 0.14251418402994695 0.0786764817841636 0.17013463705589135
1 0.6139116885231358 0.284903365678808 0.08387875487811035 0.16839052643986432
1 0.20418857201231527 0.32920190819716943 0.08599238940837578 0.17769288219345353
1 0.263605299180224 0.024896150977182258 0.07929393169378134 0.04052655567342673
1 0.14875566256778663 0.10029284744323066 0.08704617655381526 0.18141813414432229
1 0.345370419528069 0.18398432166345743 0.10268935727197454 0.18729691340735238
1 0.5243590036406327 0.4515579608175565 0.09433178298109558 0.17971712002262524
1 0.5138355882769077 0.10043810066714583 0.07660526892960297 0.17379524426526516
1 0.4668090822922474 0.0531721332484258 0.0669514979178281 0.08841612485559522
1 0.5573613594196104 0.0328246085295561 0.0021015140514926145 0.0055986520498854915
