1 0.48457995699670725 0.870765271288764 0.09827051203744498 0.13300280684081447
1 0.5814070311616479 0.5465810549968667 0.096901463156793 0.11623908873103106
1 0.7012069730843308 0.42913276044319326 0.100026463156793 0.1165302430603813
1 0.5803670239617991 0.46719405397502894 0.09942130610877319 0.13865541383948668
1 0.6089781188823231 0.6780258224057404 0.09273479649012634 0.11585088295856406
1 0.5327430231743816 0.3773595530786298 0.10625331893363578 0.1688673521278169
1 0.4716947142248287 0.7592095542509938 0.10409723399719463 0.1649695455378795
1 0.4829744654059551 0.8995660264355846 0.09690146315679311 0.11623908873103106
1 0.587389168972374 0.6125683615617162 0.09953043351343496 0.14421096939504233
1 0.7012019946838771 0.667584917838057 0.10186839745764568 0.1573680352442386
1 0.6990078744790641 0.7528186287448003 0.10247355450566525 0.1352428644651333
1 0.6087102566930493 0.7445954376292904 0.09525463944210652 0.13826720806701978
1 0.6516468016366133 0.25260090256066575 0.10877316188561584 0.19128367723627251
1 0.7472188664917978 0.5745713426167063 0.08587963944210651 0.13739374507896907
1 0.7046130668520012 0.3086653386297062 0.10603506412431235 0.15775624101670568
1 0.30735114253523155 0.6035385402964932 0.09781085819564067 0.16253538502732737
1 0.7115376565694931 0.4854726019763166 0.09894842068857249 0.11458133976541271
1 0.7120997999486874 0.827385834467092 0.1082506690854648 0.11175109904975973
