1 0.21312499999999998 0.5758703703703704 0.09187499999999998 0.15344444444444447
1 0.34490625 0.2802222222222222 0.06132291666666667 0.16146296296296295
1 0.17507291666666666 0.41264814814814815 0.08129166666666669 0.1633148148148148
1 0.29551041666666666 0.2481111111111111 0.0667291666666667 0.15753703703703703
1 0.20844791666666668 0.6912222222222222 0.09092708333333335 0.15118518518518517
1 0.37578125 0.7583148148148149 0.08030208333333337 0.17088888888888884
1 0.5642604166666667 0.5838703703703704 0.06805208333333332 0.1727407407407407
1 0.45989583333333334 0.5561111111111111 0.06147916666666665 0.1676296296296296
1 0.27565625 0.7383518518518518 0.06271875 0.172074074074074
1 0.2331666666666667 0.4191851851851852 0.0768229166666667 0.1651851851851852
1 0.22452083333333334 0.24951851851851853 0.061729166666666654 0.16225925925925927
1 0.5414479166666666 0.8461851851851852 0.06926041666666667 0.174962962962963
1 0.3634479166666667 0.5609259259259259 0.06869791666666672 0.16364814814814815
1 0.603375 0.8825 0.0811770833333334 0.17683333333333323
1 0.41394791666666664 0.570962962962963 0.05543750000000003 0.16138888888888886
1 0.48119791666666667 0.854537037037037 0.06970833333333329 0.18142592592592596
1 0.5128125 0.5608703703703704 0.061270833333333385 0.17525925925925923
1 0.13892708333333334 0.23196296296296295 0.10197916666666666 0.11248148148148147
1 0.6351770833333333 0.5197037037037037 0.07865625 0.1850740740740741
1 0.325125 0.7265 0.05406249999999998 0.181537037037037
1 0.41778125 0.28109259259259256 0.06472916666666666 0.19179629629629627
1 0.5785 0.05159259259259259 0.052822916666666705 0.10316666666666668
1 0.6640625 0.7909999999999999 0.08259374999999997 0.20105555555555543
1 0.4308020833333333 0.8928518518518518 0.055062500000000014 0.19312962962962957
