1 0.515297735996182 0.035352677240961375 0.08815452800763594 0.07070535448192275
1 0.4326848657702124 0.0762359906496399 0.08226815467854488 0.1524719812992798
1 0.5960810817685155 0.08424147978005286 0.088239374230848 0.1183950826616793
1 0.40533874395291125 0.5912521066476725 0.09450149511987836 0.12063494306343951
1 0.2960114977190936 0.7498294400312683 0.09991588356672677 0.15243976500317782
1 0.35462010532039456 0.14736029114549656 0.09561588712072684 0.1318107222662019
1 0.5095682044345459 0.09794226472045114 0.09046815823254496 0.14074664106720428
1 0.42762052352536506 0.3686624485183485 0.08803331911733304 0.08691360118019786
1 0.262854282171669 0.6454496715284569 0.0988499751219995 0.1486713932078226
1 0.5720371724220313 0.2578864000186055 0.09138861600890873 0.1222927906403371
1 0.6028583404413335 0.01883884993868182 0.06396589778272693 0.03767769987736364
1 0.35148867998090993 0.22807751693018058 0.09539771111818153 0.09847738893286857
1 0.3807045599936367 0.06725304586151493 0.0853204293443632 0.13450609172302985
1 0.42561524618078983 0.515949338832222 0.09642725689581795 0.0966902051726682
1 0.5912417057606675 0.18727792992443618 0.08724619112030255 0.1257378219774353
1 0.5676277230797894 0.3747794050060521 0.09354467467642374 0.13353323793475097
1 0.4353606630861526 0.29969125335827024 0.09447725334181788 0.1169312393597358
1 0.28377282662318387 0.5515960511486623 0.10072725334181788 0.11731924790964411
1 0.6877997381710327 0.6273984234680252 0.09052876267769629 0.15000590032646338
1 0.4342444466104572 0.7088535104800525 0.09886209601102985 0.15052324505967446
1 0.43341599018672894 0.4377188844128846 0.09452573689793896 0.12433864676714321
1 0.34150157508488 0.32217804827356156 0.09777194578824198 0.14305116956061578
1 0.28568683240506243 0.49779534530748143 0.09895906312327216 0.1653380598744893
1 0.2661803715255771 0.37590822494653536 0.09673027912157532 0.14298650146896438
