1 0.09974036891059587 0.5412344043190316 0.09971231252120451 0.14644843143078673
1 0.16670961410127247 0.550955653488002 0.05840940387007691 0.16410502006270644
1 0.23187991658184864 0.5727462620647569 0.06383599201273367 0.17532387240964234
1 0.27385577756172347 0.5561435914374173 0.05870041028250815 0.17891983487752125
1 0.3290393072050816 0.582768537991869 0.06754300483759602 0.20501814678076682
1 0.455233070789089 0.8374608662564901 0.09499009618646852 0.22409691972557463
1 0.5445948745356096 0.42281714001465937 0.06962633817092936 0.20506124327509698
1 0.14474699353102344 0.3968431817903317 0.084269191528974 0.15538446698257138
1 0.19822913575736417 0.404066780394669 0.07482143992586619 0.15148682905438296
1 0.19679065420724035 0.26526408449443994 0.08735781572742016 0.1535972598722146
1 0.20214615021360713 0.17815162859232553 0.08333665226696911 0.16091847429096207
1 0.25704033291135187 0.13999408270270994 0.07353837422671876 0.19218447330079386
1 0.2972106353919281 0.1623018492114242 0.06312170756005209 0.19196899082914415
1 0.34895501439969756 0.15197595171749886 0.06893519794140536 0.16987605808991174
1 0.32319441942262817 0.32373553532784205 0.053310197941405235 0.16955283438243718
1 0.36035546509706434 0.3137113132942263 0.05546628287784638 0.17329963458047085
1 0.39967755203032207 0.35269652059318973 0.061074750028272715 0.19377774618666602
1 0.4392245095621015 0.3537295390527726 0.05895504089338554 0.1918827978404842
1 0.49147153400242743 0.34431879336119076 0.0631944591631599 0.19567269453284783
1 0.40174271954095164 0.06656710474575289 0.07359789425143007 0.13313420949150578
1 0.44822915783543743 0.10734704976781645 0.06955358656782167 0.2013575395713932
1 0.493323403026114 0.1175208121272513 0.07461641669493939 0.19405787339981068
1 0.5523048849982194 0.10982185468094893 0.0790013381709296 0.20525517749958166
1 0.6017642042972912 0.18932154612542088 0.09124670756005221 0.19255079350259838
