1 0.2063958333333333 0.695537037037037 0.09539583333333332 0.1544074074074074
1 0.21351041666666667 0.5777407407407408 0.09181249999999999 0.15472222222222215
1 0.17177083333333334 0.4146481481481481 0.08458333333333332 0.16246296296296295
1 0.34295833333333337 0.2824259259259259 0.06414583333333337 0.16418518518518516
1 0.2933125 0.2501851851851852 0.07019791666666665 0.16142592592592594
1 0.231875 0.4231111111111111 0.0807604166666667 0.16492592592592592
1 0.37424999999999997 0.7600185185185185 0.08346875 0.17162962962962955
1 0.62634375 0.5273703703703703 0.0788333333333334 0.18051851851851855
1 0.45881249999999996 0.5581296296296296 0.06296875000000005 0.1693333333333334
1 0.5627604166666667 0.5860555555555556 0.06743750000000001 0.1742592592592593
1 0.27428125 0.7396851851851852 0.06231250000000002 0.16937037037037045
1 0.13214583333333332 0.23794444444444446 0.10920833333333334 0.10946296296296298
1 0.22115625 0.25005555555555553 0.06532291666666665 0.16362962962962965
1 0.4125416666666667 0.5747592592592593 0.05855208333333337 0.16264814814814824
1 0.5409895833333334 0.8503518518518518 0.0717083333333333 0.1816851851851852
1 0.48041666666666666 0.8583703703703703 0.0765625 0.1766666666666666
1 0.32784375000000004 0.7282777777777777 0.05386458333333337 0.1814814814814815
1 0.6016354166666668 0.8842037037037037 0.08253125000000001 0.18168518518518512
1 0.51259375 0.5658518518518518 0.06115624999999998 0.17764814814814806
1 0.41286458333333337 0.2913703703703704 0.07243749999999996 0.1698888888888889
1 0.5770104166666666 0.05357407407407407 0.06472916666666677 0.10714814814814815
1 0.6599687500000001 0.7962962962962963 0.07440625000000006 0.19312962962962957
1 0.42559375 0.8941851851851852 0.06696874999999997 0.18783333333333346
1 0.3675625 0.5615 0.05803125000000004 0.17857407407407402
