1 0.5408990975998539 0.5853658270533509 0.05603598428423429 0.11495942732552769
1 0.535652300108071 0.8613121927371049 0.06347320016511257 0.12104318314580698
1 0.4987687302156949 0.8225978088927121 0.06347320016511268 0.12104318314580698
1 0.5627669946218135 0.7255752166040494 0.052328787427387384 0.09251083356128102
1 0.5885132547545048 0.5971324621073892 0.06313358533195199 0.10808022018284402
1 0.5925771444709612 0.43477315658982496 0.04031395147475981 0.11012386591170151
1 0.46187790294951964 0.24786505995039226 0.061389866831779355 0.12089226878445734
1 0.44441087000044716 0.8907453433584931 0.046321369451073714 0.10131734973649116
1 0.47665545629756056 0.9309720217417011 0.05593895147475981 0.11125572362182379
1 0.6599387599930933 0.5653396991272531 0.06790527102265002 0.09179083941955166
1 0.6124658439471024 0.43991054672635055 0.03936931761756763 0.11375211243473039
1 0.3780923571801656 0.7999936156358797 0.05787673559388153 0.10585108242761808
1 0.56612739646958 0.5363640592346334 0.0507791345461636 0.11273028957030175
1 0.5560945529352591 0.43120622934027986 0.05751429859353626 0.1317015511728692
1 0.3167281073880595 0.38244505348426133 0.057368749379324416 0.12614599561731363
1 0.29390424262319476 0.6025922032379256 0.05613301709370878 0.1186631310292314
1 0.6652526651491256 0.47053525761194415 0.0464184022605482 0.10502105344019486
1 0.4364442045751317 0.6461877131430365 0.05826486683177935 0.12066589724243289
1 0.3916781549481383 0.34628676100685757 0.05850744885546556 0.12992515650169215
1 0.41427387523903575 0.8515955052625606 0.049785984284234294 0.11450668424147857
1 0.6181565464553195 0.7166492128071902 0.0601541345461636 0.11340940419637512
1 0.33393707071793954 0.6424588845502689 0.04973746787949705 0.11265483238962672
1 0.4759475831254394 0.4475805200602024 0.06659820016511268 0.12126955468783164
1 0.35686945657375035 0.7439302995734282 0.048744317617567624 0.11443122706080376
1 0.728429022745079 0.42150989911008013 0.06967468376037544 0.11964407437800426
1 0.39196358643370527 0.5357620185086357 0.06739728480809314 0.112085752609247
1 0.39560806092973394 0.8336083379340844 0.049180965260202686 0.1310978937274704
1 0.35941361855420817 0.4243522296001436 0.04457765095090096 0.11412939833810448
1 0.6928340096486078 0.5113483046080414 0.040385290046681635 0.07316228605533928
1 0.3988828410516182 0.6212867610068575 0.05816783402230487 0.11696219353872918
1 0.5131479456837915 0.5380712985757723 0.04719466473634384 0.1346506830698247
1 0.4946889669143356 0.21050260350750957 0.058750030879151656 0.13918441576095142
1 0.34430801585235754 0.38351874284621845 0.04159820016511269 0.11945858235163558
1 0.5777898476681498 0.8227769990684438 0.05732023297458729 0.12429414376546177
