1 0.6756629863196812 0.5470230563730909 0.06845492152715878 0.11270779593937963
1 0.7108403090962696 0.3394738155493407 0.06104201724283153 0.10492320483258408
1 0.7434925572706751 0.5509280437147511 0.06618973176733481 0.10148891805701489
1 0.6416994181841155 0.12805365402901941 0.06615942236291943 0.09963706620516292
1 0.5616961115507906 0.2721252563083579 0.06443980188256783 0.12175152165613141
1 0.6784833266029088 0.6237940831465024 0.06952689759824059 0.11461353117685841
1 0.7324752759739823 0.4829214173596878 0.057613923198680556 0.0862430361571849
1 0.5135496822379767 0.10132103543497904 0.077617755696253 0.10022978344705864
1 0.41600405476339264 0.6067901990761074 0.0678790428432715 0.07752261075419466
1 0.42646305419143943 0.799931533895238 0.061992755696252996 0.09942153266265534
1 0.43622719222276857 0.504732722052017 0.07985263605166182 0.10959680947757167
1 0.5115893394031287 0.6185265359579145 0.05901930271832848 0.10851914176503404
1 0.5610972498015891 0.7132701224413002 0.06744356426490725 0.11450576440560477
1 0.37690636113291004 0.2881710387386108 0.07265189759824059 0.11477518133373908
1 0.6478266148938338 0.21577414175666143 0.06612911295850452 0.09778521435331108
1 0.47955442623357813 0.38109249848095145 0.0685458497404042 0.11826335149493519
1 0.6911355628571932 0.2821103831572912 0.06609880355408938 0.09593336250145923
1 0.4232558307817129 0.5721268144246466 0.06898132831876845 0.08128019784352508
1 0.5232765589421967 0.536371512156097 0.07038670783841638 0.10355630345137401
1 0.46095910460089634 0.20041926778387317 0.07669732664724667 0.10758330746883915
1 0.6047059732556537 0.38388575146498494 0.06622004117174995 0.10334076990886674
1 0.6031091560655836 0.31817195241705765 0.06625035057616487 0.10519262176071849
1 0.46276583271704214 0.724843583864522 0.04562918307373754 0.11707791701114392
1 0.5148832960322419 0.18280251691646054 0.06576540010552302 0.07556299213108886
1 0.3570103644316153 0.7924036679283144 0.06872770616689484 0.1293744626060463
1 0.7224749253978172 0.38150063259285105 0.07425028046093209 0.08525331847536319
1 0.7221758391393212 0.42692488634884834 0.06267070950993817 0.07725319382606004
1 0.409797953197394 0.7053424726164573 0.06815182748300756 0.09418927742086133
1 0.5878128624962861 0.6257041599182632 0.06612911295850452 0.09778521435331118
1 0.5169316229432963 0.467196484639787 0.07130713688742271 0.09620277942959364
1 0.6334380377843687 0.6743131002622333 0.06615942236291943 0.09963706620516304
1 0.3433042509454956 0.33717141268652007 0.07660639843400135 0.1020277519132837
1 0.5022221677662351 0.141755509184503 0.0761214479633594 0.07239812228365397
1 0.4914546880439644 0.5667456008142341 0.06889040010552303 0.07572464228796952
