1 0.4660731258863719 0.5749268838657741 0.06669312982345967 0.1080753804597765
1 0.3548396631515603 0.6140480259114734 0.06561508735523916 0.10621275484901536
1 0.6847536932168998 0.7282522713271301 0.06123016587924918 0.09505854870226736
1 0.43595736944566804 0.36778882043109606 0.06686177725283263 0.0636417097742411
1 0.529725557346445 0.36774510805519606 0.06256283895834708 0.10988413727599146
1 0.7244858266120114 0.6028159340913084 0.056736116998597194 0.07834878699996403
1 0.6768700790025368 0.5125492387425715 0.06658400241879812 0.10251982490422093
1 0.7078142036229643 0.6557768657705422 0.059788365395489505 0.07467740457298794
1 0.6906101531109319 0.44294857479394395 0.0645006690854648 0.10249827738640238
1 0.4362169563789257 0.3279632318573721 0.06790344391949941 0.06365248353315028
1 0.5879729516544203 0.8931754410712999 0.06528770514125408 0.0895460881823487
1 0.5324339171734661 0.7177882030908327 0.0636408814265676 0.11174676288675259
1 0.6559028366526396 0.7711519160486342 0.06528770514125408 0.0895460881823487
1 0.4950364067108564 0.4051484528951451 0.05662698959393566 0.07279323144440858
1 0.472417340167746 0.15533160679660113 0.0579232868714796 0.08576696816628071
1 0.44199077410316245 0.43625885703452333 0.07592262661724417 0.1007649368825516
1 0.5292245713807064 0.44832221112857 0.06837632933970011 0.08772655760722435
1 0.4551356479644451 0.8667659306749876 0.07276125081569021 0.09888076375397203
1 0.42453709345877966 0.7411308962396094 0.07383929328391071 0.10074338936473337
1 0.5793204892850448 0.6913720711345394 0.06640212341102843 0.09326056564496167
1 0.7431680313312838 0.5461297511905526 0.06435516587924894 0.09509086997899498
1 0.5874950878337659 0.6301639961932456 0.06647487501413613 0.09696426934866517
1 0.6035599163860486 0.811516192567817 0.06324074760947458 0.09137639251638222
1 0.5929447981215069 0.29763269055838276 0.06334987501413636 0.09693194807193777
1 0.4421924784004536 0.23436391014703473 0.06302249280015117 0.0802652814052711
1 0.6031514852348663 0.39291687085747967 0.0642460384745874 0.08953531442343943
1 0.5143337032009828 0.5123780932805512 0.0682308261334845 0.08031915019981684
1 0.6554282696875477 0.3757061293658996 0.06327712341102844 0.09322824436823407
1 0.7024008470587041 0.6984341009165899 0.06693452885594056 0.06734541347794482
1 0.4950876514795515 0.24863465013693611 0.04158400241879801 0.10226125469040058
1 0.4119758698111041 0.12817332015610103 0.06453704488701864 0.10435012923825429
1 0.3302017617002814 0.5531793243758188 0.07369379007769522 0.09333598195732574
1 0.47425931862474496 0.779513418459767 0.06682540145127878 0.06178985792238926
1 0.4556614376201588 0.813971992258846 0.07828373478461212 0.061908369270390215
