1 0.4625927311425743 0.3834860745729507 0.06104695289624213 0.10004704561207665
1 0.3528298626936048 0.3310169649370868 0.05895149867387843 0.09806585757692203
1 0.6852847964672111 0.2557258800248398 0.0557658942287271 0.0886125940427085
1 0.6720953653723619 0.46959419627092214 0.05891513600678735 0.09251030202136648
1 0.4264199684913918 0.5885919036501783 0.06389317244854524 0.05764845729443811
1 0.4554544000636334 0.8053967177399352 0.052592410672605776 0.08101118236034706
1 0.42563284049436134 0.6275454606307186 0.063881051559515 0.05579660544258626
1 0.5310090417992718 0.24863009092257807 0.05274998222999964 0.10508525643442113
1 0.6829908071557252 0.5420956635025564 0.05893937778484807 0.09621400572507018
1 0.6589219262412416 0.20826850824205034 0.0598719564502422 0.07961200715005484
1 0.72102303158815 0.38226320265822217 0.050448472894120994 0.07162258691778502
1 0.7066090258062715 0.3294325181918121 0.05667423111606051 0.06830689176398963
1 0.5945014951198784 0.07795400257352554 0.0598719564502422 0.07961200715005484
1 0.4343169498196345 0.5214078922503006 0.06929544000636341 0.08760142738232457
1 0.48822338226711914 0.557892300345069 0.05457877689369681 0.066325703728835
1 0.46439618934330257 0.10177825477068937 0.060840897782727055 0.06856556413059514
1 0.5791457089433308 0.6772985104172242 0.05793407378527225 0.10170489318897445
1 0.5192313293814826 0.5985771842339458 0.05482119467430273 0.10336274076587204
1 0.5228707373753314 0.5177629563117847 0.060913623116908865 0.07967667524170628
1 0.426042761351575 0.21253664154094962 0.06724846934012092 0.09302764675457756
1 0.5801855511351505 0.2789240239482963 0.060937864894969586 0.08338037894540999
1 0.5852912218066957 0.342521906424754 0.062028015117757226 0.09085245444446867
1 0.7370722627042103 0.4461079960982662 0.057849227562060436 0.08874193022601128
1 0.7026904724697564 0.28799218984592534 0.061846201782303 0.0630746766666909
1 0.3904532609537243 0.8251792142088875 0.06317876978569667 0.10758378920278683
1 0.6065173893486053 0.1624278387505455 0.05885453156163602 0.08325104276210722
1 0.5099162040366954 0.4490945289671569 0.0639780186717573 0.07061142025740108
1 0.5941404227137553 0.5800321927461572 0.056783319117333045 0.08497355843065629
1 0.42834039961275494 0.7227864948177861 0.05879392711648457 0.07399178350284796
1 0.48094456627942156 0.7195207561893913 0.035053769785696666 0.10583775072819931
1 0.6448430693825432 0.6046735680788429 0.05677119822830292 0.08312170657880423
1 0.3240389435868773 0.390235078910733 0.07031286489496935 0.08396239177027236
1 0.46201625912369637 0.1361991842590771 0.07114847644812107 0.052545578380442305
1 0.4794522373488175 0.17309512370979221 0.06484999289199986 0.044750162423126585
