1 0.5520833333333334 0.16017035586921055 0.051041666666666666 0.10502058834276969
1 0.5114583333333333 0.18306278181398494 0.05 0.1049559202511183
1 0.38125 0.4217018488259636 0.05416666666666667 0.09780718521031649
1 0.41875 0.7360404641931804 0.052083333333333336 0.10693710828627298
1 0.5494791666666666 0.5001468409131538 0.036458333333333336 0.10041153135594674
1 0.4666666666666667 0.09325091716240189 0.036458333333333336 0.09115227209668736
1 0.5302083333333333 0.4393061635716674 0.04479166666666667 0.10648443164471318
1 0.5848958333333333 0.6090592369081179 0.029166666666666667 0.11106996582549805
1 0.36770833333333336 0.20494994142483897 0.03958333333333333 0.1043092393346045
1 0.5630208333333333 0.6076394890550192 0.029166666666666667 0.11106996582549805
1 0.575 0.45041432451954677 0.05520833333333333 0.09231629774641222
1 0.39739583333333334 0.1558846785905523 0.05520833333333333 0.09602000145011597
1 0.6864583333333333 0.5583096535276634 0.04791666666666667 0.09371547295670447
1 0.3359375 0.2893297256276136 0.04375 0.1027160598493582
1 0.5005208333333333 0.06707513010965781 0.04895833333333333 0.10118754845576323
1 0.29583333333333334 0.5492268545635993 0.03958333333333333 0.12467960970497487
1 0.634375 0.5124689840361586 0.057291666666666664 0.06466785615193742
1 0.2942708333333333 0.31599052336774314 0.040625 0.10807761112995948
1 0.4359375 0.329417885125377 0.04895833333333333 0.10118754845576317
1 0.6182291666666667 0.33847133945675506 0.052083333333333336 0.10323340458256927
1 0.5276041666666667 0.5987270930600551 0.04791666666666667 0.1233451025863341
1 0.41458333333333336 0.12703987730052668 0.035416666666666666 0.12442093733836933
1 0.43697916666666664 0.12194580962631818 0.034375 0.10583775072819943
1 0.4010416666666667 0.34547315508458726 0.046875 0.1084656196798678
1 0.5682291666666667 0.31657540785602156 0.04479166666666667 0.10278072794100947
1 0.6385416666666667 0.6029510524102938 0.041666666666666664 0.10814227922161097
1 0.35833333333333334 0.611087509805257 0.046875 0.11772487893912706
1 0.584375 0.22668416354653614 0.04583333333333333 0.10099354418080905
1 0.4921875 0.4611109933613874 0.034375 0.11324515813560673
1 0.6927083333333334 0.6653290523851625 0.052083333333333336 0.10878896013812484
1 0.45 0.7887300510732684 0.03958333333333333 0.13208701711238227
1 0.34322916666666664 0.5157289008379058 0.035416666666666666 0.12256908548651747
1 0.32083333333333336 0.5513785240676697 0.01875 0.13079365527935458
1 0.453125 0.5283508616131292 0.036458333333333336 0.13374486468928007
