1 0.2787004411918106 0.6082345916712918 0.06554233575213135 0.10711318641002347
1 0.340921006890958 0.5727120597956229 0.07093254809323427 0.11680370260028043
1 0.46784233066218983 0.9455939321715324 0.06859458414902354 0.1036682368649184
1 0.5574305982398304 0.6091277409505448 0.06795305129944988 0.12395235584908901
1 0.5053505838401328 0.7638156767412287 0.07118717870411154 0.1297666655632434
1 0.35767697567276474 0.7904137430966839 0.06245371155368531 0.10870628410327669
1 0.4802480501465961 0.49180653003306724 0.06755291748235687 0.10358198547871884
1 0.47390545117589356 0.40715913953591004 0.06033400241879813 0.10668192947902576
1 0.3042708819050944 0.6658170548025364 0.058964953538146264 0.08992901142615976
1 0.3208432901342405 0.5035669422514386 0.06780754809323426 0.11654494844168181
1 0.508602854989425 0.18817134429617038 0.061375669085464796 0.1067681808652253
1 0.49118718753534085 0.2810201380959234 0.053187838958346965 0.11348557718303648
1 0.6718568562553694 0.6370907862579124 0.07085979649012633 0.11309999889657674
1 0.5671660373217337 0.4694220168441985 0.07908400241879814 0.10823445443061741
1 0.44191638511131 0.6846096451882824 0.06758929328391083 0.1054338373305707
1 0.563718611430129 0.399805069627355 0.06919974119704335 0.08153226602889571
1 0.38811017960461974 0.8308348705663336 0.06755291748235687 0.10358198547871884
1 0.4423925894651465 0.8676842243630171 0.06435516587924907 0.09961952761641653
1 0.40618388626416363 0.34793534711543617 0.06777117229168042 0.11469309658982996
1 0.6151736655703582 0.769211494281576 0.07595900241879813 0.10797570027201889
1 0.5619312408316073 0.36175585527819254 0.06592923799082774 0.07386610446288967
1 0.45969251372537073 0.7424711488489564 0.06137566908546468 0.1067681808652253
1 0.5957722200760237 0.8933261410973117 0.07250662020481305 0.09105027944675359
1 0.337175980875797 0.7526638556477817 0.07563162020481293 0.09130903360535202
1 0.5739484206885724 0.1529075665791001 0.06482805129944988 0.1236936016904906
1 0.5708978759146446 0.818237336759674 0.064960322927269 0.07748355678039384
1 0.5475396991508042 0.2644245423475018 0.06844908094280792 0.09626082945751098
1 0.325474589043165 0.7128693272037977 0.06506945033193065 0.08303911233594939
1 0.5069610096751922 0.4487218213969846 0.06309524440325896 0.08842216511910587
1 0.40236444917907693 0.44468318671356094 0.0664384992125824 0.09979203038881561
1 0.5026571150583261 0.5472783871538615 0.06833995353814615 0.09070527390195543
1 0.5870685129379531 0.8473088853304448 0.07440807453037669 0.08196352295989343
1 0.6934639940660955 0.5723216500876355 0.08030754809323426 0.1175799650760761
1 0.3463988398023099 0.42803170051484885 0.0643187900776951 0.09776767576456467
