1 0.31881536174464603 0.5936365264746253 0.06026593560571113 0.09381209372147287
1 0.47583165692853246 0.576745976011471 0.058055325757276205 0.08074136398725626
1 0.4807335262470388 0.6613015938916781 0.050890935605711125 0.09332714325083097
1 0.3330479580647213 0.5239666401174046 0.0581644199130776 0.09185247509836716
1 0.5098339185628779 0.6164870907001211 0.05589926298674198 0.07322618980859501
1 0.284396088746215 0.4371479200408684 0.05067274729410845 0.07110492102860874
1 0.41920746536942044 0.39965443234229164 0.054984872835176904 0.08613526938593126
1 0.5678581517881073 0.6509860417767078 0.058878804112340075 0.058573025150660755
1 0.5376330892889312 0.863420079253671 0.05397957088711062 0.08978508970400803
1 0.26869190422264083 0.49747772206038965 0.053943206168510234 0.08608138600030434
1 0.4695775676417982 0.3114731524188277 0.060375029761512405 0.10492320483258408
1 0.40115221401592543 0.221778796163529 0.055953810064642555 0.07878174536415067
1 0.3214972597414295 0.32048837832647725 0.05195078463167799 0.09523287848830975
1 0.6458063300880209 0.40767036501243453 0.0612894199130776 0.09201412525524794
1 0.5690570046021027 0.6881039038921852 0.05984774134180597 0.05121950112888027
1 0.3501495481611361 0.26823952603469936 0.05801896103867581 0.07703766028355256
1 0.30208360362697123 0.38711106997778594 0.05476668452357411 0.06391304716370894
1 0.5460321563858164 0.16720460803581502 0.06540153950184356 0.08667410324219997
1 0.41755168777328033 0.7275130351985096 0.058182602272377794 0.09370432695021923
1 0.5632680186709816 0.5877536618856105 0.06534699242394287 0.08111854768664452
1 0.5093209935093751 0.7748743074190814 0.042703061146779575 0.10771089098063082
1 0.4179707946433671 0.15409547012222716 0.06127123755377729 0.09016227340339614
1 0.539577148540598 0.45312712729723204 0.060393212120812716 0.10677505668443603
1 0.6020255078496121 0.8862052936069821 0.05516669642817907 0.10465378790444978
1 0.30506959983894266 0.3483568895529643 0.06514698647164038 0.06074817731627404
1 0.42871619697089525 0.33344577445345336 0.06229472186114376 0.08836430493717115
1 0.5681206130981411 0.7834742742625557 0.05692274729410845 0.07142822134237008
1 0.5280537237562565 0.24687108772852706 0.0589151688309407 0.06227672885436456
1 0.6739066926423474 0.4647077136727294 0.07062805519447721 0.08879537202218622
1 0.5797097716460345 0.2930837755283896 0.07881592965340853 0.07441162429238649
1 0.5440150974033107 0.213420079253671 0.06295455898250565 0.04952929943390919
1 0.35201496347650457 0.6620544031741658 0.06322729437200904 0.07730707721168696
1 0.4064725478919749 0.6352267095971338 0.05476668452357411 0.06391304716370903
1 0.4878081875019223 0.5245609154755889 0.06827198647164039 0.06090982747315471
