1 0.5203419542430897 0.6110921868576937 0.05706001281458448 0.10095008420074607
1 0.3597430762844999 0.5424306096211278 0.06648960425133765 0.10328688652323982
1 0.6439285014318045 0.29125909222730334 0.0664350128145846 0.10143503467138797
1 0.3557040294730033 0.6177539099348891 0.06654419568809095 0.10513873837509166
1 0.6062300116829308 0.7819162244716104 0.05903416327441159 0.09735414726829601
1 0.5116066048543452 0.10243555321059906 0.07158875471116465 0.09985259974767047
1 0.46350401703563665 0.27555397624794037 0.06374674430860996 0.11608819932932211
1 0.5437315068588713 0.555169355973019 0.05744658224021322 0.07878174536415078
1 0.5896260756814925 0.50179173600107 0.07476834614791793 0.10186610175640293
1 0.30001987599813906 0.48060632270860487 0.05651409844705289 0.08243156568222755
1 0.5049736891293702 0.5321360995484 0.06517498040090525 0.09397374387835364
1 0.6112421261110338 0.5980440572820082 0.06545236695302753 0.06810170133805463
1 0.3844369549975256 0.14147061705011285 0.06720372229748542 0.09222965879775552
1 0.3816306448813317 0.22322151545972876 0.06418790517099164 0.09577171234457856
1 0.31914243781046053 0.3507171845211098 0.062486711894930616 0.10862690853628779
1 0.569068633724341 0.7068694660382591 0.04488756143510339 0.11141459468433453
1 0.6055173888127235 0.5631013473321439 0.06654862505644749 0.0700074365755334
1 0.29461161389945667 0.544872395296882 0.06665337856159728 0.10884244207879537
1 0.4681929560521121 0.700032175714216 0.06555712045817745 0.10693670684131659
1 0.30984046622887734 0.4244580499111536 0.06150406603337354 0.07529357520295445
1 0.33872238278264927 0.28942738993057354 0.0639149479872259 0.0865124530853193
1 0.4237229696211325 0.32397866627649846 0.06747667948125127 0.10148891805701478
1 0.42344115370065366 0.38519754415886337 0.062159163274411594 0.09751579742517677
1 0.6197281603337355 0.6912662171795789 0.06506579752739867 0.09027004017464993
1 0.5648547953411587 0.21003433588569392 0.07399963666501701 0.11107147763003532
1 0.6718550116829308 0.7785215711771168 0.061608819538523346 0.11412858070621652
1 0.506771552841571 0.18614607024332055 0.06029862505644736 0.06968413626177203
1 0.547399487033987 0.37878542126926446 0.06561171189493062 0.10878855869316845
1 0.308145917005351 0.3846701767891522 0.07082447459662049 0.07392667382174459
1 0.39944738542046854 0.6683494105947781 0.0637511736769664 0.08095689752976375
1 0.4439432285533493 0.620608171256825 0.06265491557354655 0.07905116229228497
1 0.5115873922049787 0.47337169913005167 0.07175695838978058 0.0702768535036677
1 0.6797501745057632 0.3385550145756903 0.09159878712484423 0.10828379148198863
1 0.5187278531582176 0.14936141681187343 0.07060610884960769 0.06651926641433713
