1 0.5088589330558502 0.7605500324142528 0.054524220790465 0.11318303265435066
1 0.468833549501207 0.7875292079443079 0.05556588745713166 0.11325848983502548
1 0.4288404555014947 0.3468026051107583 0.03369088745713166 0.11167388904085397
1 0.7223820717504597 0.5802287669707594 0.04724467460257102 0.11635853609333043
1 0.4746862565674989 0.506483180714366 0.04827422079046499 0.11273028957030175
1 0.5668882126581688 0.18584087415507938 0.05661967460257102 0.117037650719404
1 0.630243400919449 0.7610185301248937 0.05345225292686611 0.10384831621441659
1 0.6251949694220594 0.4918759144031486 0.06285755412379833 0.1137866900997492
1 0.42520102966144585 0.5082155449445688 0.05552346578142675 0.10029552687206252
1 0.5586077803752123 0.8393732237396055 0.04197573887537374 0.09746273167143782
1 0.5886979390405106 0.8010738543889242 0.041999979832919365 0.10487013907884522
1 0.526425198017501 0.8750457296738586 0.054518160551078644 0.1113311808024988
1 0.30977870042699257 0.41933134118691573 0.04927346578142675 0.0998427837880135
1 0.4505218750950276 0.44525573290692416 0.04094013244809342 0.09923912634261485
1 0.6792680496321348 0.6185454251539503 0.048268160551078645 0.1108784377184499
1 0.40799803180908173 0.34553397094647714 0.03160755412379833 0.11152297467950424
1 0.5451317345801019 0.38283357390995865 0.059744674602571025 0.11726402226142846
1 0.6529964411226826 0.7093584721500474 0.045149220790464996 0.11250391802827708
1 0.6354900840470997 0.29478731770976657 0.04934012841467729 0.12021315415838398
1 0.7049578751604915 0.3499546003800753 0.048310582226783555 0.12384140068141276
1 0.46583174264693417 0.34782757890050536 0.04937042961160927 0.12947241341764323
1 0.3906748709306836 0.6237063234601387 0.05451210031169206 0.10947932895064696
1 0.6114112404338344 0.5780797715274442 0.04825604007230571 0.1071747340147462
1 0.577087752468619 0.5963105992304544 0.05243482721774531 0.11118026644114917
1 0.4417832002306008 0.640379291977442 0.049291646499586034 0.10539833934356896
1 0.2942927386789819 0.3037588036400341 0.06285149388441186 0.11193483824789746
1 0.3573260397449862 0.46219433576250696 0.05338559029361581 0.08347794584404622
1 0.6804938590922909 0.3563574737555636 0.043144670569155136 0.13642707774100152
1 0.4321812885075084 0.7309109500086679 0.05138710031169206 0.10925295740862251
1 0.6613108992300606 0.38460528344989986 0.03472043364502563 0.10804564251782509
1 0.510005959403983 0.4742880069417919 0.04100679508134396 0.11960949671298522
1 0.3549033330060138 0.358641546420153 0.04206058222678344 0.12338865759736374
1 0.5318317829810956 0.13929461563361226 0.051465883423715414 0.13332703148269648
1 0.6084714249890181 0.7940846124005468 0.03266740150862404 0.11715398741573482
