1 0.34098177906446786 0.5080880062394754 0.061750145009953766 0.10247672986858426
1 0.32449607940652797 0.4421856591150969 0.06167740982759255 0.09692117431302849
1 0.4818968488467364 0.4521458300437159 0.060514517856990815 0.08765114129486007
1 0.4823561985809261 0.3679027314228204 0.05331983143347223 0.09498313238990329
1 0.41684509156393557 0.8134610252338381 0.05724404749226852 0.07650770890702145
1 0.27469091084000025 0.5361021893729917 0.05947285119032415 0.08764036753595089
1 0.5725088553691668 0.3725383652721678 0.06436599873342601 0.06362016225642277
1 0.36626321010504664 0.7684994403617532 0.061459204280509286 0.08025450764636183
1 0.5316513499237501 0.15547845640531627 0.034303135764814856 0.07441883435916773
1 0.5735985766838196 0.3364434147994205 0.062185685156944476 0.05619120733119703
1 0.4910930592059494 0.7170199005325313 0.05353803698055562 0.11164979905656996
1 0.3137062271391901 0.6522307854344628 0.05923040058245377 0.06912184901743237
1 0.571346834345741 0.4428871881247199 0.0730630079785648 0.0914841301054739
1 0.6616951935146299 0.621575348530323 0.06482665488837966 0.09880534744160796
1 0.4371099723895374 0.8895862656995839 0.0647054295844446 0.0895460881823485
1 0.3375442061157642 0.722838178500835 0.054313007978564795 0.09129020244510887
1 0.29580349784597254 0.5974233887828319 0.051987224037361085 0.0727501364087718
1 0.5659493307355791 0.8659222118043217 0.0677334493412964 0.08217100205166869
1 0.5502243021773151 0.579687202465755 0.060732723404074325 0.10431780796152663
1 0.5094884575094215 0.411695980793523 0.06346980243148152 0.0747204996086246
1 0.5671052551287732 0.2382413978567265 0.06354253761384285 0.08027605516418027
1 0.431147864803866 0.6330778498208294 0.061628919706018574 0.0932174706093248
1 0.4184746655896529 0.30151017826807447 0.060587253039351904 0.09320669685041573
1 0.5067976912356483 0.24594985317332757 0.05034030179819453 0.1060619222242868
1 0.5960836224657874 0.7412508114510516 0.06996225303935191 0.09330366068059835
1 0.5471620921972226 0.7833316504954583 0.06019933206675934 0.06357706722078589
1 0.409803207826065 0.3949263460769558 0.06150769440208338 0.08395821135006554
1 0.6006676101188195 0.1367504669283321 0.058697880192314734 0.1079999641474121
1 0.4433941626127781 0.6933815463540155 0.0605630079785648 0.09135484499856367
1 0.35524862018680575 0.36473648098404904 0.061653164766805685 0.09506932246117664
1 0.6905704839782641 0.5598453636221976 0.08340693946287038 0.08603631213901003
1 0.5658276699580559 0.8168535246097023 0.0715364400961576 0.05443631930952759
1 0.31732825088532446 0.6902260696741532 0.06644933206675935 0.0636417097742411
1 0.49981170067034747 0.5078791526212729 0.064414488855 0.06732386596012627
