1 0.6690828987471988 0.5433013327741966 0.060587253039351904 0.0950494254190125
1 0.5120579277491896 0.5294394142773243 0.05937587094717595 0.08204336012576134
1 0.5062551549529858 0.6148185599488059 0.0511880079785648 0.09280965259456796
1 0.6559295885267127 0.474438769788641 0.05847967464523147 0.09311136890658447
1 0.47768249227560156 0.5706550548265015 0.057195557370694414 0.07454974805777796
1 0.7054944838533099 0.3863234003191347 0.0519387339157871 0.07063053270263382
1 0.5711320418572915 0.35116441135069876 0.05632360612953704 0.08746960869045274
1 0.4194457037118284 0.6054546415648965 0.059084930217731466 0.05982113790353912
1 0.4463328991909255 0.8181151140405754 0.05428876291777781 0.09108710773358047
1 0.7198106860443979 0.44588360171514296 0.055281939462870376 0.08742650636016476
1 0.521774971441736 0.2643659854807811 0.06177439007074075 0.10620363886041159
1 0.5911557784957869 0.17357981988394974 0.057268292553055745 0.08010530361333341
1 0.6695340452132869 0.2702824916169126 0.05225391970601857 0.09470460677670789
1 0.3445210517357174 0.3642428718920571 0.061604674645231464 0.09324067589744864
1 0.41738617996569416 0.6434822580232915 0.060029616641250054 0.05245683282641991
1 0.6415791961123841 0.21869002792205666 0.05932738082560197 0.07833965642205769
1 0.6884528896916201 0.33613021400810594 0.05603266540009268 0.06524738646823051
1 0.4476365420468518 0.12214208522143966 0.0667402727962037 0.08790063199333341
1 0.5683910435675923 0.6798034615589704 0.05850391970601857 0.0949632207584361
1 0.42443670244525433 0.5423192692807812 0.06666753761384261 0.08234507643777786
1 0.4761303729116432 0.7289668369946907 0.04411454685898152 0.10917460294921831
1 0.5753740565478471 0.10667686457596622 0.06158042958444459 0.09138882404559678
1 0.45015280268564795 0.4070686564248965 0.06179863513152786 0.10805549071226345
1 0.38200370352226815 0.841136277723662 0.05656605673740742 0.10598812720897126
1 0.6858249134377544 0.29829655803600724 0.06535917527851846 0.061931603737119506
1 0.562096908181898 0.28583314274769467 0.06259785119032416 0.08958007452403302
1 0.4171792260018284 0.7388095260633739 0.05821297897657409 0.0727409985362139
1 0.4643023377663425 0.20103897523617215 0.05913342033930557 0.06352484160724288
1 0.31565657738171277 0.4218881162913164 0.07197285119032415 0.08996799549662561
1 0.41214583377706 0.2485429109558018 0.08011222403736108 0.07549799932411529
1 0.44860503805756935 0.16744780209637794 0.06313037158046295 0.050734287965432216
1 0.6343437873618053 0.6122947511011513 0.0645357141589353 0.07855516807349798
1 0.5810616299402774 0.586736743333209 0.05603266540009268 0.06524738646823051
1 0.5007697453149534 0.4771573132978593 0.06848417527851845 0.06206091072798366
