1 0.50625 0.3943916555055359 0.04895833333333333 0.09378014104835575
1 0.659375 0.5103793464597709 0.058333333333333334 0.09436215387321832
1 0.35572916666666665 0.6720841532989479 0.059375 0.09257497011301775
1 0.6703125 0.43791021327396235 0.058333333333333334 0.09621400572507008
1 0.43645833333333334 0.20117000447600425 0.052083333333333336 0.08841858976775441
1 0.4703125 0.8977161618991187 0.06458333333333334 0.08919460686757108
1 0.5333333333333333 0.7414433962588423 0.05520833333333333 0.10898296441307888
1 0.4786458333333333 0.4426779510767742 0.052083333333333336 0.06990007124923595
1 0.428125 0.48120821529834873 0.06770833333333333 0.09124046299437699
1 0.7130208333333333 0.5887097531798173 0.051041666666666666 0.07353910686128816
1 0.5145833333333333 0.47639048172022846 0.058333333333333334 0.08510289461395906
1 0.415625 0.38043219819853213 0.06145833333333333 0.05751912111113534
1 0.6 0.8974340059763828 0.06041666666666667 0.08338037894540978
1 0.6098958333333333 0.8165668713655895 0.057291666666666664 0.08689007837415944
1 0.6828125 0.7109084525960011 0.05520833333333333 0.10157555700567147
1 0.4666666666666667 0.28637871246722774 0.036458333333333336 0.10781893876335405
1 0.41822916666666665 0.41670497953877167 0.06145833333333333 0.0593709729629873
1 0.7244791666666667 0.5264581392250195 0.058333333333333334 0.09991770942877388
1 0.565625 0.32307773672966483 0.057291666666666664 0.09800118948527053
1 0.6984375 0.6405821776744757 0.057291666666666664 0.06651970800378927
1 0.6578125 0.7649119739519235 0.058333333333333334 0.07769548720655166
1 0.5770833333333333 0.7061964931452375 0.06041666666666667 0.09263963820466925
1 0.5822916666666667 0.6454087224923832 0.05520833333333333 0.09046444589456036
1 0.41510416666666666 0.285955419708262 0.059375 0.08146385900190675
1 0.4270833333333333 0.7755879916511418 0.065625 0.10037038607033348
1 0.37135416666666665 0.18509121171075568 0.053125 0.10514992452607246
1 0.4822916666666667 0.8160524375457022 0.05520833333333333 0.06083481626493073
1 0.459375 0.6146297395293718 0.057291666666666664 0.0998530413371226
1 0.6963541666666667 0.6802676563059877 0.065625 0.06333334903329665
1 0.63125 0.37529997465185017 0.058333333333333334 0.07213993165099611
1 0.5828125 0.407478093575246 0.058333333333333334 0.07028807979914425
1 0.503125 0.5330865401194708 0.06770833333333333 0.05790712966104365
1 0.32447916666666665 0.6155144809197767 0.084375 0.094127004312651
1 0.46770833333333334 0.8494063435218422 0.06666666666666667 0.05413875786568867
