1 0.32904756872503355 0.5529686589665885 0.06666139448011303 0.10759197979718099
1 0.31201198268580865 0.4839006291447744 0.0666795768394131 0.10944383164903262
1 0.557410122295756 0.37666583789600955 0.06421441396077512 0.07049029437152082
1 0.4400853419948227 0.9176354314519662 0.06861745129834465 0.09469366522284094
1 0.47000630627881096 0.47027922606445016 0.06655230032431163 0.09648086868606988
1 0.6541229342555114 0.608440340059307 0.06878109253204674 0.11136033188950781
1 0.33423008171287394 0.7680097431415841 0.06143487878747938 0.10557850697377144
1 0.4850963798729116 0.7374954040344126 0.06784852002118148 0.12243911880630726
1 0.4666942104992549 0.38311289225016715 0.059369727813446245 0.10736571043700038
1 0.28696534388773853 0.6470622236616542 0.05705002380920992 0.08322698797430318
1 0.3099119201866325 0.6977895180336633 0.0612348728351769 0.08520813660340107
1 0.2656176323074452 0.5926797118774086 0.06560154545414605 0.10570780375101768
1 0.510972681818781 0.17145905915682047 0.058218966990978296 0.09622227513157772
1 0.5027707142872835 0.423133127939959 0.05809169047587659 0.08325931216861475
1 0.416324378520515 0.8437276647374976 0.06551063365764496 0.09644854449175842
1 0.5567411939947441 0.33867055073873503 0.06417804924217449 0.06678659066781713
1 0.542325591181847 0.5864469706523009 0.0698773062766141 0.11694821163937481
1 0.36460469237318627 0.8050744179848847 0.06545608657974426 0.09089298893620286
1 0.5960429710525618 0.7400120048026629 0.07075533170957868 0.1003138691670196
1 0.568216797081196 0.8678914415514231 0.07282048268361194 0.09852666570379066
1 0.5583271485405981 0.4424550649282176 0.07596366504291202 0.1004754901385771
1 0.399997634200361 0.3310279817170745 0.06457806114677958 0.10752733140855787
1 0.43629259659363023 0.7202354261610306 0.06342730032431163 0.0963838961031353
1 0.4243835232708876 0.6596623506441073 0.06556518073554554 0.10200410004731397
1 0.39335934956868296 0.42344279124095374 0.061362149350278374 0.09817109956636413
1 0.5754261025437358 0.13363218229216375 0.0668068533545148 0.12240679461199575
1 0.4892756864186868 0.25877553823355315 0.049958363094845734 0.10337108898449306
1 0.5639474913451011 0.8251533900844287 0.07795608657974426 0.09128087926794096
1 0.34239950351886733 0.41352557238635623 0.06452351406887888 0.10197177585300231
1 0.5470781826328552 0.7922126334708812 0.06214926298674186 0.07227749783474977
1 0.48972787960155356 0.5310947330387099 0.06852653950184356 0.08543440596358189
1 0.5472245541134385 0.2466806421289533 0.07166972186114365 0.0873832303983681
1 0.6782149991903196 0.5425009677646495 0.07808336309484573 0.10424384223090391
1 0.3147838798729116 0.73221039826448 0.06733941396077511 0.0705872669544554
