1 0.48993749999999997 0.19675925925925927 0.05256250000000004 0.10498148148148148
1 0.6119375 0.17090740740740742 0.051229166666666735 0.09288888888888888
1 0.50015625 0.07683333333333334 0.04753125 0.10257407407407408
1 0.4493958333333333 0.17714814814814814 0.051583333333333314 0.10562962962962961
1 0.3059895833333333 0.5869444444444444 0.04628124999999995 0.09059259259259252
1 0.5793958333333333 0.7643333333333333 0.05310416666666669 0.10846296296296305
1 0.4099375 0.6380740740740741 0.02712499999999996 0.10850000000000005
1 0.6219270833333332 0.4425555555555555 0.05955208333333341 0.09555555555555555
1 0.5453958333333334 0.5687222222222222 0.05787499999999994 0.10631481481481475
1 0.5355520833333334 0.10683333333333334 0.038437500000000034 0.08996296296296295
1 0.46753125 0.463 0.04619791666666669 0.1022592592592592
1 0.6428854166666667 0.6342592592592593 0.04645833333333324 0.1206481481481481
1 0.4705416666666667 0.6219444444444445 0.04559374999999998 0.12474074074074076
1 0.7150208333333333 0.33037037037037037 0.04221874999999997 0.10275925925925927
1 0.6021979166666667 0.3615925925925926 0.04864583333333338 0.10318518518518524
1 0.43033333333333335 0.6337962962962963 0.03103124999999996 0.10979629629629623
1 0.7108645833333332 0.5661481481481482 0.04044791666666659 0.11740740740740736
1 0.42270833333333335 0.46948148148148144 0.051677083333333346 0.09162962962962962
1 0.5887604166666667 0.1439074074074074 0.03358333333333334 0.1206111111111111
1 0.6680625 0.30337037037037035 0.04339583333333342 0.10503703703703708
1 0.5670729166666667 0.3491666666666667 0.048520833333333256 0.10325925925925925
1 0.37559375 0.3623148148148148 0.04948958333333332 0.10051851851851858
1 0.29612499999999997 0.7096481481481481 0.06006249999999997 0.09868518518518511
1 0.5686875 0.1308703703703704 0.03665625000000006 0.10600000000000001
1 0.6420833333333333 0.2162777777777778 0.03948958333333342 0.09937037037037036
1 0.3545208333333333 0.6378703703703703 0.03967708333333337 0.10835185185185184
1 0.43032291666666667 0.33401851851851855 0.04434375000000005 0.0992962962962963
1 0.44567708333333333 0.5226296296296297 0.039218749999999976 0.09764814814814818
1 0.66171875 0.543 0.03173958333333336 0.10683333333333343
1 0.410375 0.24775925925925923 0.04528125000000003 0.10059259259259258
1 0.35490625 0.5330740740740741 0.0625 0.06612962962962969
1 0.5479895833333334 0.8207592592592592 0.04240625000000004 0.12831481481481474
1 0.5018645833333334 0.4801666666666667 0.03198958333333337 0.12698148148148153
1 0.6830312500000001 0.5661296296296295 0.022322916666666734 0.12698148148148158
