1 0.5493333333333333 0.570925925925926 0.05429166666666661 0.10711111111111117
1 0.5826041666666666 0.7655185185185185 0.0528958333333333 0.1035925925925927
1 0.6135729166666667 0.17385185185185184 0.04780208333333344 0.09881481481481484
1 0.4937916666666667 0.2002037037037037 0.05034375000000004 0.103962962962963
1 0.43534375000000003 0.6381296296296296 0.029874999999999947 0.11225925925925927
1 0.3125208333333333 0.5889259259259259 0.04401041666666667 0.09251851851851858
1 0.4134479166666667 0.6400370370370371 0.02908333333333329 0.11262962962962972
1 0.62315625 0.4479259259259259 0.05748958333333339 0.09277777777777782
1 0.4526354166666666 0.18187037037037035 0.051791666666666694 0.10424074074074073
1 0.6411250000000001 0.22031481481481482 0.043104166666666784 0.10479629629629628
1 0.5409895833333334 0.11166666666666666 0.03853125000000001 0.08933333333333335
1 0.5713333333333334 0.13727777777777778 0.03655208333333325 0.09916666666666668
1 0.7164166666666667 0.3336296296296296 0.04315625000000007 0.10646296296296298
1 0.4730729166666666 0.6231666666666666 0.04737500000000002 0.12249999999999996
1 0.4506354166666667 0.528037037037037 0.03506249999999997 0.09659259259259254
1 0.7076250000000001 0.5651481481481482 0.036666666666666715 0.10742592592592591
1 0.38021875 0.36762962962962964 0.055677083333333384 0.10187037037037035
1 0.4265833333333333 0.47303703703703703 0.05593750000000005 0.09677777777777775
1 0.47194791666666663 0.46544444444444444 0.04289583333333328 0.10794444444444448
1 0.6466666666666666 0.6346296296296297 0.049572916666666585 0.11914814814814821
1 0.60409375 0.3608148148148148 0.04486458333333327 0.10801851851851849
1 0.5681458333333332 0.35235185185185186 0.04858333333333344 0.10900000000000003
1 0.5046666666666667 0.08407407407407406 0.04816666666666668 0.10151851851851854
1 0.5948229166666666 0.14325925925925925 0.033427083333333246 0.10937037037037037
1 0.3036979166666667 0.704462962962963 0.05867708333333337 0.11181481481481481
1 0.6686041666666667 0.31255555555555553 0.044624999999999915 0.10300000000000001
1 0.5110312499999999 0.48770370370370375 0.03744791666666671 0.11346296296296293
1 0.43430208333333337 0.3394814814814815 0.04532291666666666 0.10061111111111108
1 0.35975 0.6361666666666667 0.039833333333333346 0.10420370370370367
1 0.36008333333333337 0.5428703703703703 0.058427083333333366 0.061592592592592574
1 0.41859375000000004 0.24985185185185182 0.04465625 0.10075925925925928
1 0.5505937500000001 0.817462962962963 0.04464583333333329 0.12433333333333331
1 0.6886145833333334 0.5694444444444444 0.027531250000000066 0.1256666666666667
1 0.6670416666666666 0.5390185185185185 0.023062500000000104 0.11507407407407405
