1 0.5496770833333334 0.5715925925925927 0.05440625000000002 0.1058333333333333
1 0.5823333333333333 0.7654074074074074 0.052635416666666636 0.10314814814814824
1 0.61334375 0.17453703703703705 0.048416666666666684 0.0960185185185185
1 0.4358020833333333 0.6394444444444445 0.02893749999999997 0.11137037037037034
1 0.42661458333333335 0.47433333333333333 0.055885416666666646 0.09746296296296296
1 0.53984375 0.11285185185185184 0.03820833333333334 0.09137037037037038
1 0.49297916666666663 0.20333333333333337 0.05145833333333331 0.10625925925925928
1 0.5710208333333333 0.13903703703703704 0.03620833333333332 0.0974074074074074
1 0.453 0.18387037037037038 0.05239583333333329 0.10164814814814818
1 0.41362499999999996 0.641537037037037 0.02905208333333332 0.11275925925925924
1 0.7159583333333334 0.3343518518518519 0.04360416666666656 0.10637037037037037
1 0.62290625 0.4441111111111111 0.05720833333333341 0.09937037037037032
1 0.6408020833333333 0.22244444444444444 0.043239583333333324 0.10594444444444444
1 0.45090625 0.5319814814814815 0.03522916666666672 0.09235185185185187
1 0.31302083333333336 0.5899074074074074 0.04286458333333331 0.0919259259259259
1 0.4739895833333333 0.6244259259259259 0.04854166666666669 0.12177777777777776
1 0.47201041666666665 0.46844444444444444 0.04279166666666671 0.11025925925925929
1 0.7141354166666667 0.5703148148148148 0.049156250000000054 0.11664814814814817
1 0.64675 0.6336296296296297 0.04970833333333336 0.11933333333333322
1 0.60353125 0.3632962962962963 0.04558333333333332 0.10707407407407406
1 0.50559375 0.08312962962962964 0.04727083333333333 0.10279629629629627
1 0.56825 0.35274074074074074 0.04773958333333326 0.10785185185185187
1 0.6689895833333334 0.31244444444444447 0.04475000000000004 0.10262962962962965
1 0.38144791666666666 0.3667222222222222 0.049249999999999974 0.09977777777777777
1 0.3601979166666667 0.6383703703703704 0.03808333333333339 0.10099999999999994
1 0.43354166666666666 0.34196296296296297 0.0442291666666667 0.10459259259259263
1 0.5094479166666667 0.49066666666666664 0.038895833333333366 0.11129629629629634
1 0.41894791666666664 0.2507222222222222 0.04559374999999998 0.10114814814814815
1 0.5950624999999999 0.14514814814814814 0.031729166666666704 0.11064814814814815
1 0.3629583333333333 0.5438148148148149 0.054218749999999954 0.06042592592592592
1 0.3035729166666667 0.6990740740740741 0.053572916666666616 0.10185185185185185
1 0.5505937500000001 0.8141481481481482 0.04464583333333329 0.12037037037037036
1 0.6636875 0.5429814814814814 0.028270833333333436 0.112425925925926
1 0.6841562499999999 0.5734074074074074 0.027531250000000066 0.13359259259259257
