1 0.4967979944852216 0.20049988312286185 0.04944636945107372 0.0996027368921663
1 0.5965512587517421 0.7450715214115399 0.04944636945107372 0.09960273689216634
1 0.4376385234340506 0.4692191361283097 0.053224904879842445 0.08491721885459745
1 0.6307335519700978 0.4382068359863681 0.054023989522822786 0.07569028378964975
1 0.48315650013659184 0.45575983454156604 0.044286552522477506 0.1012929677724605
1 0.4571532976283747 0.17948981818732143 0.04939785304633636 0.09775088504031444
1 0.6404395505921548 0.21179604714576944 0.03798803611774038 0.09924717075473966
1 0.5407748573197636 0.10832071573525875 0.037599904879842445 0.08443235593992479
1 0.6132092320094258 0.16723378163318692 0.048065087951246234 0.08660744973489182
1 0.7157221100073538 0.3197347008263044 0.03907821918914418 0.10113134680090302
1 0.4634518912309913 0.5193854434879149 0.03566212076072072 0.08992326310685733
1 0.3750557737785363 0.5276885555599492 0.06439213978475232 0.07416167388091308
1 0.576078849185691 0.34167489755379565 0.04721748690352854 0.09398253294798767
1 0.4308491760390844 0.6278918735019139 0.0298487684033559 0.10639598460765506
1 0.5062414609867756 0.08344532612445703 0.04835618637966969 0.09771856084600293
1 0.7201999023971398 0.5503387426733273 0.04670950068897165 0.11432057912404658
1 0.6718864882814716 0.29792800674208403 0.039974336641598995 0.09560811543965891
1 0.33010858284924954 0.5828306859105155 0.0459817546179129 0.08654280134626881
1 0.5691310282598574 0.1361678282897073 0.031738036117740384 0.09905322558887056
1 0.39895984656639655 0.36570469120242727 0.04418951971300302 0.0975892640687568
1 0.45108890143197855 0.6244837739350616 0.028807101736689232 0.1063636604133434
1 0.42305942100838984 0.25097537326143904 0.043099336641599234 0.09570508802259349
1 0.32381437455006423 0.7007141962519116 0.05644693768931693 0.08871789514123563
1 0.486141695063116 0.6094958624395813 0.04263986683177935 0.11789498605050405
1 0.5613942521352105 0.557120034157685 0.05371006892721463 0.10343573737311608
1 0.3786202934915394 0.6239525276619341 0.040022853046336355 0.09745996729151077
1 0.5932106526050338 0.14005400145017213 0.033167834022304984 0.11390036459799688
1 0.6748017806712577 0.5285805348805742 0.03183506892721463 0.10275692929257427
1 0.6554253755152256 0.6246297133314863 0.04666098428423429 0.11246872727219473
1 0.4415825581738478 0.34121508899035136 0.03730880645141899 0.07332124482881379
1 0.6100785650665692 0.34617991679422694 0.04031395147475981 0.10857107840262188
1 0.6930680526590695 0.5493273198735746 0.025077082712657746 0.12290103030276382
1 0.5666839762867535 0.7988190250186632 0.04932651447441453 0.13475559788303987
1 0.5150857298029131 0.48071603463814655 0.030042834022304867 0.11380339201506226
