1 0.6773841661892742 0.4596273031595895 0.06000528622957546 0.09875312912271621
1 0.5199894719658501 0.4688595920268321 0.05886665245066638 0.0838952119776132
1 0.6607959204063351 0.526551809632717 0.05895149867387843 0.09685817494057616
1 0.3433535168417295 0.631967219743663 0.06310604445151474 0.09517873240987666
1 0.4262277159717892 0.3871810533579842 0.06080453511563609 0.06175919441596715
1 0.6677111097231238 0.7435632949416883 0.052665136006787586 0.09104400540329229
1 0.4428012866009121 0.8796666643001242 0.06508028978357554 0.07859827040378596
1 0.4890061315245166 0.4268257813774493 0.0598719564502422 0.07838275875234584
1 0.5163682453055467 0.38535384937234646 0.05474846934012092 0.09113021006386836
1 0.6403429354975785 0.785961152872717 0.060937864894969586 0.08212956478633752
1 0.7262330466263656 0.557970960144569 0.057849227562060436 0.08755581335102891
1 0.708657678177396 0.6165190309540751 0.05253180622745433 0.07067363503292191
1 0.5889921861606392 0.831071360910824 0.0567469564502422 0.07825345176148167
1 0.4299459097443349 0.45587198119765493 0.07033710667303007 0.08622118946263381
1 0.6911004910619719 0.6722893239858034 0.05775226044981802 0.0727409985362139
1 0.5713137901549122 0.9053601724610708 0.060962106673029835 0.08583326849004122
1 0.4254224066412133 0.351026839916585 0.05969014311478773 0.05060498097456805
1 0.451983811956305 0.5910794917232517 0.06109543645236334 0.10620363886041159
1 0.517214518167851 0.7336313045113587 0.056940890674726914 0.1078830813911113
1 0.430752313759819 0.25307265225473313 0.05881816889454517 0.07648780457020579
1 0.39183562932315197 0.14958291185193473 0.05173255734139346 0.10766756973967086
1 0.5724716999522749 0.6488571398144454 0.059944681784423894 0.08949386986345695
1 0.581393991088486 0.32043360125761405 0.058927256895817945 0.09315447123687245
1 0.5948201444143953 0.41823770493872514 0.05367044000636341 0.08553155217802481
1 0.41028611327712383 0.7532873897309059 0.07036134845109056 0.08992489316633762
1 0.4599952119403967 0.7998007460291776 0.05975074755993918 0.05986424023382732
1 0.6856679212815782 0.7063330715936224 0.06706665600466645 0.06386966024954753
1 0.5621273937248206 0.7169661861952272 0.06097422756206043 0.08768512034189307
1 0.4682102555431824 0.18145463683181137 0.04520377689369681 0.06481636316534983
1 0.3182144915128504 0.5725778793182721 0.07553331911733305 0.0845848492622224
1 0.4384107483821544 0.8341023334434574 0.06905302222575736 0.04914105009530869
1 0.6466008204169407 0.38703793695465116 0.06511665245066638 0.08415382595934162
1 0.5024747079620321 0.518148403577079 0.07126968533842408 0.06959762512625545
1 0.48539739064821297 0.2618170060763382 0.05079997867599957 0.12429113407604943
