1 0.49276582079692105 0.1843167682769078 0.052708683909498316 0.10290771596293545
1 0.6137259652061912 0.15773232340811452 0.049371518078592656 0.0898801082584776
1 0.500706697545479 0.06466761548439612 0.04642837450508317 0.10092657462809379
1 0.7204840859503505 0.3139108320249507 0.04437535057616486 0.10273532998561566
1 0.6285981143218805 0.429739063158687 0.05880713688742271 0.09377774618666603
1 0.4507960600861031 0.16666017964498817 0.052738993313913456 0.1047595678147873
1 0.5371594574205362 0.09540568243868608 0.038954851411925756 0.08966462578682784
1 0.7164147973956181 0.5427761475823917 0.042625420691398117 0.12306260386165596
1 0.4203222684521349 0.6285578017776207 0.030954921527158775 0.10986261017987851
1 0.31477095042630393 0.5779456228399227 0.04630713688742271 0.09351916722068625
1 0.4804661504790655 0.6106413367753857 0.04786406342914636 0.1250221969493328
1 0.42850161265035885 0.4598130266638699 0.05139423260309547 0.08621950104910386
1 0.38305428600311214 0.3570143493410951 0.05372004117174984 0.10107741235824863
1 0.5916541412856964 0.7509821375392387 0.05282992152715878 0.11031512337034302
1 0.6731695995863315 0.2880286512955226 0.0433336839094982 0.10271378173845068
1 0.5556288444176936 0.5553646110286391 0.055803374505083055 0.1011205088525786
1 0.642578390912154 0.20159496517910475 0.04229201724283153 0.1026922334912857
1 0.44104951887001526 0.6216453553528398 0.03306856426490725 0.11175755852606033
1 0.4757913630682393 0.4523510999363823 0.04654961212274363 0.10833398203550128
1 0.6530438402388896 0.618186212980694 0.047773135215901166 0.11946664139377727
1 0.5728705133278351 0.3354892016408952 0.047470041171749716 0.10094812287525874
1 0.609050488563156 0.3495606019285185 0.048511707838416386 0.10096967112242373
1 0.36186926317376233 0.526954403470334 0.06031459153686877 0.0586356574958108
1 0.6713503460892153 0.5270360555438188 0.030894302718328485 0.10615890647617461
1 0.3084531924865761 0.7012661569653904 0.06202306510066814 0.09939794648371642
1 0.59190200277109 0.12947035877129273 0.03426177795364964 0.12103836603248447
1 0.5667807651534297 0.12258010929584465 0.031845041171749716 0.1006248991677842
1 0.3650078522033487 0.6232183773958828 0.04131096938499515 0.10637438894782462
1 0.4356640261280551 0.3244339072542 0.043333683909498315 0.10271378173845068
1 0.5131645519923025 0.4756602112360999 0.04140189759824058 0.11192994450337997
1 0.41547432941833684 0.2368588127402066 0.0453867078384165 0.10090502638092884
1 0.5596599952049047 0.8016609073249353 0.04363677795364964 0.1212323002569692
1 0.6921477965598571 0.5562454943537314 0.02604968223797665 0.12827338746257225
1 0.4542290383563217 0.5037403131763551 0.029973873669322398 0.11354476563641713
