1 0.3039479166666667 0.6970925925925926 0.058781249999999945 0.10053703703703697
1 0.3139895833333333 0.5787037037037037 0.04910416666666665 0.05424074074074067
1 0.35528125 0.5403518518518519 0.06770833333333333 0.05951851851851849
1 0.36271875 0.6342592592592593 0.037947916666666616 0.10185185185185185
1 0.41071875 0.6355740740740741 0.020833333333333332 0.10449999999999991
1 0.42745833333333333 0.6375740740740741 0.021572916666666705 0.10053703703703697
1 0.4713541666666667 0.6296296296296297 0.039437500000000014 0.13227777777777788
1 0.5431562499999999 0.807537037037037 0.04464583333333329 0.1256666666666667
1 0.5785 0.7559444444444444 0.039437499999999896 0.09655555555555553
1 0.5450104166666667 0.567462962962963 0.040927083333333295 0.10316666666666674
1 0.50371875 0.4827962962962963 0.03422916666666668 0.1216851851851852
1 0.47246875 0.4609814814814815 0.03422916666666668 0.10449999999999995
1 0.44717708333333334 0.5198333333333333 0.028270833333333318 0.11375925925925921
1 0.41964583333333333 0.4742037037037037 0.04464583333333335 0.09920370370370374
1 0.38467708333333334 0.3697037037037037 0.037197916666666705 0.10714814814814817
1 0.4326666666666667 0.3425925925925926 0.03198958333333337 0.10316666666666663
1 0.4114583333333333 0.25396296296296295 0.028270833333333318 0.10581481481481479
1 0.44903125 0.18451851851851853 0.040927083333333295 0.10450000000000001
1 0.4858645833333333 0.2037037037037037 0.03571874999999996 0.10316666666666666
1 0.500375 0.08598148148148149 0.039437500000000014 0.0925925925925926
1 0.531625 0.11177777777777778 0.026041666666666668 0.09655555555555558
1 0.5654791666666666 0.14351851851851852 0.01785416666666677 0.11242592592592594
1 0.5866770833333333 0.14683333333333334 0.018604166666666564 0.11640740740740739
1 0.6075104166666667 0.17659259259259258 0.03347916666666677 0.09655555555555559
1 0.6361562500000001 0.22288888888888891 0.03571874999999996 0.09920370370370371
1 0.5632395833333333 0.3465555555555555 0.038687500000000104 0.11640740740740743
1 0.6000729166666667 0.3617777777777778 0.03198958333333337 0.11772222222222221
1 0.6190520833333333 0.44112962962962965 0.041666666666666664 0.10979629629629634
1 0.6648020833333333 0.31283333333333335 0.03496874999999993 0.10450000000000001
1 0.7105625 0.33664814814814814 0.028270833333333436 0.13094444444444442
1 0.6607187499999999 0.5409999999999999 0.023812499999999896 0.09788888888888891
1 0.6391354166666667 0.628962962962963 0.03571874999999996 0.11772222222222231
1 0.6767083333333334 0.5727592592592593 0.024552083333333266 0.11640740740740743
1 0.7016354166666667 0.5628333333333333 0.025302083333333295 0.1309444444444445
