1 0.3446041640552322 0.4289997295100674 0.06375034519633142 0.10317911975198597
1 0.3376768218246503 0.3542691464382018 0.06375034519633142 0.10317911975198597
1 0.5009638205065394 0.3346983437836703 0.05750034519633142 0.10285581943822464
1 0.5903119357916684 0.36530344119057057 0.06719545257279501 0.07191317181301198
1 0.5725700197716636 0.13724633811438947 0.050953232547424204 0.08956955616150045
1 0.4918302187320472 0.4139678230364563 0.06453734387822058 0.09212189202650178
1 0.6513024684149132 0.6374745634451594 0.06691778986046112 0.10519262176071859
1 0.2780011643847599 0.4352260439679656 0.062581344537276 0.0975696808108036
1 0.5402323636498839 0.22791337872896542 0.04963390316842364 0.12279512272358004
1 0.5814444993657318 0.43343486763943195 0.07612301120394278 0.09827016482395308
1 0.30328323487890574 0.5599934771029136 0.06115767589344294 0.0808491307585099
1 0.4225637931805256 0.5769989192895972 0.06358056653981307 0.09577171234457856
1 0.47387780537305146 0.6772441779429116 0.05467245784523864 0.11565713224430704
1 0.5952134315078079 0.3288959714585116 0.06594156258548053 0.06260002916812589
1 0.34273391703337547 0.6886631141615283 0.06341078788329474 0.08836430493717115
1 0.5324277698088445 0.8429338187160188 0.07061756522170223 0.08503778493285549
1 0.38844786894711497 0.7493360332353488 0.06024334321916503 0.08635080292843875
1 0.3196916887698116 0.6388687393337669 0.06041312187568337 0.09375821033584594
1 0.42919402276220037 0.6387665393984999 0.06366545586807225 0.09947541604828226
1 0.29148711662802723 0.5003471257739972 0.05486523122931335 0.07867397859289693
1 0.599713475310208 0.22947165537786282 0.06766234387822058 0.09228354218338244
1 0.40214604451103025 0.8237163743006397 0.07116934585538696 0.10911185900692957
1 0.44677947629879117 0.2457258463983477 0.06487690119125726 0.10693670684131659
1 0.5468095141944794 0.5603746695219998 0.06396256851697947 0.11243837901124523
1 0.42587893117828024 0.33487424384510206 0.062496455209016824 0.09386597710709979
1 0.5239848264380385 0.3835667926855058 0.06432512055757253 0.08286263276724253
1 0.521663593256346 0.760058494160514 0.06294389657786918 0.06799393456680078
1 0.5735886452969392 0.7277077535567269 0.07567556983509031 0.12414220736425208
1 0.6394489097589781 0.1430570606935283 0.07025501318110892 0.11461353117685841
1 0.6829265178192845 0.5839253849460607 0.07491156588075754 0.09080887403091875
1 0.5365962088710028 0.7972940314175141 0.07557123057025782 0.074196090749879
1 0.30361129482816424 0.597057455832764 0.07010822925214696 0.06281556271063327
1 0.3770921488969569 0.2993899166209757 0.058202454549961403 0.08809488800903674
1 0.5041259479841942 0.47266130674663326 0.06810978524707292 0.06641149964308334
