1 0.39841175561702896 0.8842592592592593 0.07443636815904237 0.12222222222222222
1 0.4554784124841483 0.8388888888888889 0.060899130860732245 0.08703703703703704
1 0.4834558604713742 0.7555555555555555 0.05705558344622806 0.13333333333333333
1 0.4254522904427381 0.7620370370370371 0.06506579752739891 0.08703703703703704
1 0.4190001469932108 0.6805555555555556 0.06633025930943467 0.05925925925925926
1 0.4154863628834039 0.6407407407407407 0.06336903361969419 0.06481481481481481
1 0.4163553965030981 0.575925925925926 0.07608739936670687 0.07222222222222222
1 0.30482918362794215 0.4722222222222222 0.07783875471116476 0.0962962962962963
1 0.32634048055233367 0.41388888888888886 0.06906868988380606 0.08148148148148149
1 0.3958687682801852 0.2814814814814815 0.07762038896415197 0.08888888888888889
1 0.4198115988242708 0.15833333333333333 0.07657872229748541 0.08888888888888889
1 0.42283184531912094 0.19722222222222222 0.06117651741285452 0.06111111111111111
1 0.4443542156644036 0.22685185185185186 0.06759029172311402 0.06666666666666667
1 0.5021733597169383 0.2796296296296296 0.06648960425133765 0.1
1 0.5526174547717361 0.10555555555555556 0.06759029172311415 0.06666666666666667
1 0.5684718939396399 0.18611111111111112 0.05903416327441159 0.09444444444444444
1 0.6206415437964595 0.21851851851851853 0.06287328132055924 0.08333333333333333
1 0.6692243811250553 0.28425925925925927 0.06775406603337354 0.07222222222222222
1 0.6911104545459466 0.37222222222222223 0.06046239936670687 0.07222222222222222
1 0.6743552566716154 0.32222222222222224 0.062218184079521184 0.06111111111111111
1 0.7125258567019013 0.42314814814814816 0.060735356550472845 0.08148148148148149
1 0.6491546083980286 0.4703703703703704 0.06709453942397896 0.08518518518518518
1 0.6645405909851742 0.5314814814814814 0.06627123850432497 0.09259259259259259
1 0.6321758959000907 0.6046296296296296 0.0644107002863611 0.06481481481481481
1 0.5779797188308692 0.5879629629629629 0.06068076511371956 0.07962962962962963
1 0.5741811846081676 0.6814814814814815 0.06627123850432497 0.09259259259259259
1 0.5079741157855463 0.6305555555555555 0.06106290517099164 0.09259259259259259
1 0.48025633687701685 0.5990740740740741 0.06380576511371956 0.07962962962962963
1 0.4901934735420339 0.49166666666666664 0.07186614126328704 0.07037037037037037
1 0.44177662520787575 0.43796296296296294 0.06851834614791794 0.09814814814814815
1 0.5068940799796119 0.5435185185185185 0.06512038896415208 0.08888888888888889
1 0.5561578150916818 0.35648148148148145 0.06583450701029984 0.07777777777777778
1 0.5493803377058138 0.3037037037037037 0.0627640984470529 0.07962962962962963
