1 0.7278660721258563 0.37965868911126815 0.06485089994916678 0.10328688652323982
1 0.6605937144131017 0.38961564896568346 0.06913879191976852 0.11276167932500655
1 0.6249302424026849 0.8078449338155298 0.06792740982759256 0.09974483297641688
1 0.4636199922756016 0.5663585087445769 0.0661107721629167 0.12000743657553341
1 0.5481391562195598 0.6702464627636926 0.0693085073452778 0.12572464228796953
1 0.6938036450745599 0.5960900054948894 0.060708478343287214 0.10492320483258419
1 0.5104239989875924 0.41033781945891734 0.06586832155504634 0.10148891805701478
1 0.4969074483288888 0.3296107053762122 0.05860089994916677 0.10296358620947849
1 0.7165523382100693 0.4487160414860555 0.0573410277354166 0.0862430361571849
1 0.6641919285720369 0.31355501457569035 0.06705545858643518 0.1126539125537527
1 0.41484785163405086 0.15712340776013772 0.060708478343287096 0.10492320483258408
1 0.45191100506629617 0.2283048123329047 0.05140621352564819 0.10999380991749774
1 0.3613175824480089 0.6678814934466807 0.06909030179819453 0.10905797562130286
1 0.4224997104238193 0.44727143125898283 0.07839256661583344 0.10398737053638919
1 0.5902188598667821 0.557033899613133 0.06589256661583344 0.10334076990886674
1 0.4098066208846989 0.3831571004573174 0.06763646909814819 0.07752261075419445
1 0.6743262932509488 0.6526154619917288 0.06586832155504634 0.10148891805701489
1 0.6317868043959487 0.7214374640834708 0.06371225303935191 0.09582559573020548
1 0.5476473581564814 0.230754948262639 0.06598954685898165 0.11074817731627404
1 0.4445773096518052 0.7487021243960886 0.07422589994916677 0.1037718369938817
1 0.40349644370631926 0.34832215727870697 0.06545615552166666 0.07000743657553331
1 0.5862695278000228 0.6201585127329767 0.060708478343287214 0.10492320483258398
1 0.4917055763693051 0.8461965469644385 0.07088269440208338 0.08694352017033427
1 0.704838560791296 0.5483289494163983 0.07504936106874993 0.08715905371284197
1 0.3444262488605092 0.16909386962328554 0.06405168389037048 0.12175152165613141
1 0.49851364824099503 0.7634927809360832 0.06342131230990754 0.07360337350798327
1 0.39487347606430545 0.25161182721994013 0.06678876291777781 0.09228354218338235
1 0.7069708197197914 0.5047296058194396 0.0645357141589353 0.07921281244916574
1 0.47531039558076377 0.38902170642208317 0.06252511600796305 0.08466060123346746
1 0.5736032961632174 0.3154650913474512 0.06579558637268525 0.09593336250145923
1 0.5012542110571062 0.4746577754328213 0.06775769440208326 0.08678187001345371
1 0.4891988254193746 0.7991359748990969 0.0738864690981482 0.07784591106795578
1 0.3259740864372914 0.6243700998804378 0.07955545858643517 0.11330051318127538
1 0.6226832902740739 0.2638854398417272 0.06368800797856504 0.09397374387835364
