1 0.34094173809429656 0.24794591608992686 0.060375029761512405 0.10246595610967499
1 0.3342239986454066 0.4654469317317914 0.06563791017274644 0.10807538045977638
1 0.49440311174135076 0.28378891790883504 0.0605386709952145 0.11913262277634155
1 0.3166584880931982 0.5328509835434735 0.06773942586538008 0.10994877982944647
1 0.5516414142299362 0.4380690177141797 0.06779397294328078 0.11550433538500213
1 0.4777778116862004 0.5530340478134598 0.06658866504291201 0.0988268949594263
1 0.44672426893904443 0.09535190955386832 0.06549245129834465 0.09326056564496155
1 0.2926171512431944 0.3650267551343335 0.05705002380920992 0.082063264462577
1 0.2687016377148347 0.42218097920737524 0.06452351406887888 0.10065719929345981
1 0.3707500595230249 0.2075176143575522 0.06443260227237779 0.0913979400342005
1 0.6032300048690671 0.2821369979370662 0.07495836309484574 0.10261678873440334
1 0.6655039082776337 0.4188783739443641 0.0698045768394131 0.10811847549541316
1 0.5645217905817836 0.6891026812291974 0.06525608062744179 0.0691864915708876
1 0.5665740313830702 0.5798757432466657 0.07810154545414605 0.10450096186298281
1 0.5177661588170547 0.859897997736217 0.05927881601694504 0.09689962679521015
1 0.5657206433957792 0.6520818048305241 0.06739396103867581 0.07476359464426129
1 0.4749774580603276 0.6391074507683887 0.058200784631677986 0.09318514933259739
1 0.42509209469632064 0.1728980515150988 0.063390935605711 0.09138716627529138
1 0.4083445200189845 0.6948940248002282 0.06561972781344635 0.10622352860792464
1 0.43109517965231015 0.35997818358777256 0.06556518073554567 0.10066797305236887
1 0.5754129220773514 0.15408448930710442 0.06962275324641069 0.08959995697689455
1 0.44559023728241925 0.29809736605491854 0.06556518073554567 0.10066797305236887
1 0.5837729883623592 0.899465633436384 0.06784852002118148 0.12105989094055758
1 0.3214591715357338 0.2792226961521339 0.07263865909060954 0.07852116714251094
1 0.4934195408520433 0.7670629955681679 0.05834624350607977 0.10799996414741221
1 0.3130050167736721 0.3198718599421467 0.06216744534604217 0.0728578739978637
1 0.5545479556246956 0.7871377049087992 0.06649775324641093 0.08956763570016703
1 0.40057365692413877 0.5929721435154668 0.06234926893904434 0.09137639251638222
1 0.5079380530280063 0.6014892480905194 0.05705002380920992 0.082063264462577
1 0.5563667321419941 0.229805713813756 0.06317274729410845 0.06916494405306906
1 0.4974721114699927 0.4902811731492257 0.06965911796501131 0.09330366068059814
1 0.3450263138504744 0.6109142659323443 0.0643416904758766 0.08213868077494128
1 0.6927937026496429 0.4932271788706222 0.0917886709952145 0.1194558355436167
1 0.5758402075209068 0.19760300782562293 0.07561820021620776 0.06373867360442367
