1 0.45128125 0.19242592592592592 0.04994791666666672 0.10061111111111108
1 0.49090625 0.2147962962962963 0.04887499999999996 0.10018518518518517
1 0.6194895833333334 0.44946296296296295 0.0536041666666667 0.09298148148148144
1 0.5788125 0.7651851851851852 0.0505520833333333 0.10209259259259258
1 0.45026041666666666 0.5324444444444444 0.035927083333333346 0.09611111111111106
1 0.5369479166666667 0.12318518518518518 0.03586458333333334 0.08650000000000002
1 0.4705416666666667 0.47146296296296303 0.04360416666666668 0.10166666666666668
1 0.41375 0.6428703703703703 0.027895833333333304 0.10894444444444452
1 0.635 0.2312962962962963 0.0389895833333334 0.09911111111111111
1 0.43527083333333333 0.6407222222222222 0.02834375000000004 0.10940740740740748
1 0.42513541666666665 0.48357407407407405 0.053781249999999996 0.08705555555555554
1 0.6054895833333334 0.1834074074074074 0.05395833333333329 0.09033333333333333
1 0.3126770833333333 0.5954814814814815 0.047250000000000014 0.0889259259259259
1 0.6661458333333333 0.31596296296296295 0.04263541666666673 0.09731481481481484
1 0.503625 0.09861111111111111 0.04823958333333327 0.09574074074074074
1 0.7036770833333333 0.5738518518518518 0.03881249999999999 0.1206851851851851
1 0.3648645833333333 0.5474074074074075 0.055989583333333336 0.06014814814814818
1 0.7073541666666666 0.34114814814814814 0.03994791666666657 0.10342592592592596
1 0.5657916666666666 0.35855555555555557 0.04752083333333322 0.09588888888888884
1 0.38306250000000003 0.3732037037037037 0.05069791666666663 0.09892592592592596
1 0.4715625 0.6307777777777778 0.04680208333333328 0.11935185185185193
1 0.5892708333333334 0.15601851851851853 0.0340729166666667 0.11946296296296295
1 0.5665208333333334 0.1507037037037037 0.032874999999999946 0.10159259259259261
1 0.5999270833333333 0.37292592592592594 0.046187499999999916 0.10303703703703701
1 0.4333958333333333 0.34964814814814815 0.043864583333333346 0.09827777777777777
1 0.36009375 0.6376851851851852 0.0401458333333333 0.10279629629629627
1 0.6399583333333333 0.6382962962962964 0.04601041666666674 0.11359259259259265
1 0.4177916666666667 0.26062962962962966 0.044385416666666684 0.09596296296296294
1 0.5079375 0.49170370370370364 0.03380208333333338 0.11012962962962967
1 0.3050625 0.703037037037037 0.050593750000000055 0.10449999999999991
1 0.546875 0.8181296296296297 0.03868750000000005 0.12831481481481474
1 0.65625 0.5416666666666666 0.03422916666666656 0.11772222222222231
1 0.6785729166666666 0.5767222222222222 0.01785416666666677 0.12962962962962962
1 0.5461354166666667 0.5582037037037038 0.03571874999999996 0.12962962962962962
