1 0.42365624999999996 0.4817222222222222 0.04931250000000003 0.08335185185185183
1 0.49095833333333333 0.21577777777777776 0.04802083333333336 0.09979629629629633
1 0.5765520833333333 0.7640740740740741 0.04637499999999998 0.10159259259259262
1 0.45058333333333334 0.1929814814814815 0.049364583333333316 0.10012962962962964
1 0.31357291666666665 0.5951851851851852 0.04634375000000001 0.08835185185185192
1 0.705125 0.5719814814814815 0.045250000000000054 0.11200000000000003
1 0.6189479166666667 0.4518148148148147 0.05606249999999993 0.09211111111111107
1 0.44986458333333335 0.5333888888888888 0.035218749999999945 0.08964814814814809
1 0.4709895833333333 0.6251296296296296 0.0457916666666667 0.11659259259259266
1 0.5359375 0.12414814814814816 0.03745833333333337 0.0868148148148148
1 0.4697395833333333 0.47164814814814815 0.04294791666666668 0.1006481481481482
1 0.41382291666666665 0.6421851851851851 0.02745833333333335 0.10688888888888894
1 0.7070833333333333 0.3414629629629629 0.04152083333333323 0.10383333333333332
1 0.6626145833333333 0.31901851851851853 0.04327083333333329 0.09792592592592592
1 0.60434375 0.18405555555555556 0.05191666666666658 0.09181481481481484
1 0.36191666666666666 0.5458703703703703 0.05752083333333336 0.05855555555555556
1 0.43419791666666663 0.6394444444444445 0.02858333333333339 0.10768518518518515
1 0.5014791666666667 0.10070370370370371 0.050729166666666714 0.10083333333333334
1 0.3842083333333333 0.372537037037037 0.05033333333333338 0.09903703703703708
1 0.5652916666666666 0.15318518518518517 0.032041666666666656 0.09874074074074073
1 0.6344583333333333 0.23172222222222222 0.038677083333333445 0.10048148148148146
1 0.5996666666666666 0.3722407407407407 0.046635416666666644 0.10335185185185186
1 0.5658854166666667 0.3588888888888889 0.04572916666666676 0.09494444444444441
1 0.36082291666666666 0.6375925925925926 0.04037499999999999 0.10144444444444439
1 0.6361875 0.642962962962963 0.05117708333333345 0.11368518518518515
1 0.30382291666666666 0.7112777777777778 0.055270833333333394 0.08883333333333339
1 0.6598437500000001 0.5467592592592593 0.029010416666666573 0.09659259259259254
1 0.54634375 0.5766296296296296 0.050833333333333286 0.09837037037037037
1 0.5875416666666666 0.15799999999999997 0.03067708333333338 0.11559259259259261
1 0.4144375 0.25859259259259254 0.03571874999999996 0.0992037037037037
1 0.4322916666666667 0.3465555555555555 0.03422916666666668 0.10053703703703708
1 0.5011145833333334 0.4940555555555556 0.027531249999999948 0.11772222222222226
1 0.5442708333333334 0.8167962962962962 0.04538541666666666 0.14683333333333326
1 0.6781979166666667 0.5740740740740741 0.024552083333333266 0.11640740740740743
