1 0.611875 0.1835 0.0488124999999999 0.09103703703703703
1 0.5795729166666667 0.7657777777777778 0.0492916666666666 0.10227777777777781
1 0.4935104166666667 0.21412962962962961 0.05034375000000004 0.10024074074074073
1 0.4262916666666667 0.48124074074074075 0.05365624999999999 0.08474074074074073
1 0.45325 0.18981481481481483 0.05018749999999995 0.10124074074074077
1 0.4521354166666667 0.5305185185185185 0.03609374999999997 0.09892592592592585
1 0.43653125 0.6398703703703703 0.027822916666666704 0.1088703703703703
1 0.5475729166666666 0.5734814814814815 0.05355208333333336 0.1058888888888888
1 0.6211249999999999 0.4540740740740741 0.05449999999999993 0.08572222222222221
1 0.36428125 0.5464259259259259 0.05931249999999994 0.061351851851851845
1 0.7061145833333333 0.5704444444444445 0.045333333333333316 0.11148148148148157
1 0.5381145833333334 0.12090740740740742 0.03588541666666671 0.08827777777777777
1 0.504625 0.09707407407407408 0.04768749999999997 0.09927777777777777
1 0.47171875 0.4710740740740741 0.04298958333333332 0.10187037037037035
1 0.4141875 0.6425 0.028395833333333325 0.1102222222222222
1 0.6377916666666666 0.23042592592592595 0.03980208333333337 0.10057407407407408
1 0.6673229166666667 0.3188518518518519 0.04388541666666678 0.09874074074074073
1 0.47352083333333334 0.6250370370370371 0.04890625000000005 0.11624074074074071
1 0.6023645833333333 0.3703148148148148 0.04719791666666661 0.10896296296296291
1 0.38335416666666666 0.37257407407407406 0.05254166666666672 0.0991666666666667
1 0.7116458333333333 0.34090740740740744 0.041249999999999905 0.10483333333333336
1 0.567375 0.14857407407407408 0.03254166666666668 0.1
1 0.317625 0.591 0.04442708333333331 0.09151851851851844
1 0.5887604166666667 0.15487037037037035 0.03536458333333338 0.11914814814814816
1 0.30940625 0.7078888888888889 0.05454166666666668 0.09379629629629625
1 0.64215625 0.6369074074074074 0.04442708333333343 0.11525925925925927
1 0.36196875 0.6404074074074074 0.03988541666666663 0.10716666666666667
1 0.5091875 0.49140740740740746 0.035520833333333356 0.11159259259259258
1 0.6617083333333333 0.5470185185185185 0.028135416666666656 0.10020370370370373
1 0.5677604166666667 0.3617037037037037 0.048177083333333336 0.10131481481481477
1 0.41898958333333336 0.2601851851851852 0.0456145833333333 0.09677777777777775
1 0.5509687499999999 0.8214259259259259 0.04240625000000004 0.12698148148148158
1 0.6811770833333333 0.5727592592592593 0.024552083333333266 0.12168518518518526
1 0.4375 0.34061111111111114 0.03422916666666668 0.0992037037037037
