1 0.42244865784362245 0.12129629629629629 0.06882708271265775 0.12222222222222222
1 0.4887172182239829 0.16574074074074074 0.05838472180843842 0.08148148148148149
1 0.509081106699088 0.24722222222222223 0.049640435070022686 0.10555555555555556
1 0.4524187172588215 0.23148148148148148 0.06354453873703463 0.07962962962962963
1 0.4470320374956833 0.32407407407407407 0.06400400854685438 0.05740740740740741
1 0.4458462576499889 0.35833333333333334 0.07035104135632887 0.06111111111111111
1 0.4476656228276354 0.42777777777777776 0.06935789109439945 0.06296296296296296
1 0.5007535175064904 0.4064814814814815 0.05610732285615612 0.07407407407407407
1 0.5370049381020986 0.3787037037037037 0.06284248690352853 0.09259259259259259
1 0.5972018449122636 0.33055555555555555 0.05748860435598336 0.08703703703703704
1 0.6066282333873688 0.41203703703703703 0.052739740832470024 0.06481481481481481
1 0.6553682428993847 0.40370370370370373 0.057851041356328875 0.06111111111111111
1 0.6946148334699253 0.4703703703703704 0.06150972180843865 0.08148148148148149
1 0.6768722668858148 0.5287037037037037 0.060468055141771754 0.08148148148148149
1 0.7421234188018773 0.5740740740740741 0.05918380645141899 0.07222222222222222
1 0.7216796527416257 0.6287037037037037 0.05591325723720739 0.06666666666666667
1 0.7001214454076018 0.6805555555555556 0.05780252495159175 0.05925925925925926
1 0.6979425152999779 0.7166666666666667 0.06831622442773266 0.06296296296296296
1 0.6800415523828796 0.7490740740740741 0.06378712076072073 0.08888888888888889
1 0.6465641058705185 0.7833333333333333 0.07357307416580336 0.06481481481481481
1 0.5959961921676318 0.8212962962962963 0.06424659057054072 0.06666666666666667
1 0.5760618483571214 0.8953703703703704 0.06742010697527784 0.06851851851851852
1 0.584737591396104 0.65 0.06354453873703439 0.07962962962962963
1 0.571658266609625 0.7074074074074074 0.06591897049879142 0.09074074074074075
1 0.5282478814427857 0.7203703703703703 0.06606451971300302 0.0962962962962963
1 0.4687658735849028 0.7759259259259259 0.06603882547545048 0.05555555555555555
1 0.4507436196559614 0.8037037037037037 0.06291382547545048 0.05555555555555555
1 0.44424106258386686 0.8537037037037037 0.0741067546179129 0.08518518518518518
1 0.4215498227165583 0.7231481481481481 0.07069065618948946 0.07407407407407407
1 0.3583548738610927 0.5972222222222222 0.0670091535701952 0.09259259259259259
1 0.47124156906380665 0.5722222222222222 0.07340470278440706 0.09814814814814815
1 0.5150743187193209 0.5157407407407407 0.06865583926089348 0.07592592592592592
1 0.5329624345176429 0.46296296296296297 0.06359305514177176 0.08148148148148149
