1 0.30059375 0.6990740740740741 0.05952083333333332 0.10979629629629623
1 0.31584375 0.5939074074074073 0.040927083333333295 0.09259259259259259
1 0.35751041666666666 0.5343888888888889 0.06919791666666661 0.07407407407407407
1 0.3642083333333333 0.6369074074074074 0.039437500000000014 0.0992037037037038
1 0.41034375 0.6382222222222222 0.023062499999999986 0.10979629629629623
1 0.43340625 0.6395555555555555 0.027531249999999948 0.10185185185185185
1 0.469125 0.6296296296296297 0.029020833333333346 0.12433333333333331
1 0.546875 0.8121666666666667 0.04315625000000001 0.12168518518518526
1 0.5755208333333334 0.7672037037037037 0.03496874999999993 0.10846296296296305
1 0.6376458333333334 0.6296296296296297 0.038687500000000104 0.12433333333333331
1 0.7023854166666667 0.5727592592592593 0.038687500000000104 0.12168518518518526
1 0.6800625 0.5720925925925926 0.025302083333333295 0.0992037037037038
1 0.6599687500000001 0.5377037037037037 0.026781250000000038 0.10979629629629623
1 0.6201666666666666 0.44377777777777777 0.046875 0.09920370370370374
1 0.7087083333333334 0.33464814814814814 0.027531250000000066 0.10846296296296296
1 0.6610833333333334 0.31612962962962965 0.0453854166666666 0.08729629629629627
1 0.6339270833333334 0.22883333333333333 0.037197916666666705 0.09788888888888891
1 0.5885416666666666 0.15146296296296297 0.029760416666666602 0.10979629629629628
1 0.5357187499999999 0.1236851851851852 0.03273958333333334 0.09390740740740743
1 0.5665937499999999 0.1474814814814815 0.024552083333333266 0.10185185185185185
1 0.50371875 0.09259259259259259 0.037197916666666705 0.09524074074074075
1 0.48809375 0.2096481481481481 0.038687499999999986 0.10449999999999998
1 0.45089583333333333 0.18981481481481483 0.043156249999999945 0.10185185185185185
1 0.41629166666666667 0.2559444444444445 0.027531249999999948 0.10450000000000001
1 0.4348958333333333 0.3478888888888889 0.036458333333333336 0.09524074074074075
1 0.3835520833333333 0.3670555555555556 0.04240625000000004 0.10185185185185185
1 0.4229895833333333 0.4755370370370371 0.04389583333333332 0.09127777777777776
1 0.4453125 0.5211666666666667 0.034968750000000055 0.10053703703703702
1 0.50371875 0.49074074074074076 0.028270833333333318 0.11640740740740743
1 0.5424062500000001 0.5687777777777777 0.04613541666666663 0.10316666666666674
1 0.4717291666666667 0.4675925925925926 0.040177083333333384 0.09920370370370374
1 0.5677083333333334 0.3584629629629629 0.03422916666666656 0.10316666666666663
1 0.5985833333333334 0.3637592592592593 0.03496874999999993 0.09788888888888891
