1 0.48840625 0.20646296296296296 0.051479166666666624 0.10144444444444445
1 0.4490104166666667 0.18438888888888888 0.050010416666666654 0.10053703703703702
1 0.4681875 0.46212962962962967 0.04342708333333327 0.09907407407407408
1 0.4321145833333333 0.6333888888888889 0.031166666666666624 0.10714814814814817
1 0.6179895833333333 0.44955555555555554 0.05611458333333322 0.08364814814814812
1 0.4694375 0.6224999999999999 0.04242708333333335 0.12109259259259257
1 0.6356145833333334 0.22196296296296297 0.039531250000000046 0.10261111111111111
1 0.30739583333333337 0.5836851851851852 0.04033333333333336 0.06131481481481484
1 0.5781562499999999 0.7634629629629629 0.05082291666666663 0.10474074074074063
1 0.41125 0.6375555555555555 0.025947916666666633 0.10568518518518528
1 0.66540625 0.3098888888888889 0.03817708333333343 0.09955555555555554
1 0.6085104166666666 0.1775925925925926 0.04760416666666671 0.08701851851851854
1 0.35490625 0.5349814814814815 0.05265624999999995 0.07066666666666661
1 0.4209270833333333 0.4725740740740741 0.05033333333333338 0.08998148148148154
1 0.7068854166666667 0.5635925925925925 0.04041666666666662 0.10777777777777786
1 0.5677083333333334 0.14251851851851852 0.03728124999999996 0.09924074074074074
1 0.5338958333333333 0.11533333333333333 0.035093750000000055 0.08944444444444445
1 0.4983958333333333 0.08607407407407407 0.04855208333333335 0.09812962962962962
1 0.3558125 0.6372037037037036 0.042729166666666644 0.10838888888888884
1 0.7088958333333333 0.3341851851851852 0.045250000000000054 0.10525925925925922
1 0.37836458333333334 0.3667037037037037 0.04705208333333329 0.09716666666666661
1 0.5643229166666667 0.3539259259259259 0.04622916666666678 0.09968518518518515
1 0.44735416666666666 0.5166666666666667 0.03681250000000003 0.10824074074074078
1 0.6594479166666667 0.5413148148148148 0.029239583333333267 0.10190740740740736
1 0.4314791666666667 0.3379074074074074 0.043739583333333346 0.09974074074074077
1 0.5445833333333333 0.5712962962962963 0.05508333333333339 0.0985000000000001
1 0.5853645833333334 0.14975925925925926 0.03229166666666667 0.11888888888888886
1 0.6390729166666667 0.6322037037037037 0.04582291666666668 0.11862962962962953
1 0.30059375 0.6957592592592592 0.05952083333333332 0.1111111111111111
1 0.5438958333333334 0.8101851851851852 0.04910416666666671 0.112425925925926
1 0.4110833333333333 0.2526481481481482 0.03347916666666665 0.09788888888888891
1 0.5011145833333334 0.48148148148148145 0.03347916666666665 0.11375925925925921
1 0.6789479166666667 0.5661296296296295 0.026041666666666668 0.12962962962962962
1 0.6015625 0.36242592592592593 0.04389583333333344 0.10316666666666663
