1 0.3340106911290191 0.4539268418069263 0.06388104007230572 0.10830659172486858
1 0.33009855451658177 0.3758472353064492 0.06492876697835873 0.11023390075739525
1 0.5455330042298079 0.29050321718987654 0.04203634126923793 0.11598125018995634
1 0.26683228148809873 0.4462820758756217 0.0638689195935329 0.10460288802116488
1 0.4824239501714735 0.4720868974604976 0.06385679911476008 0.10089918431746128
1 0.4955800971293068 0.9092544091010564 0.06697573887537374 0.09927370400763388
1 0.27650691608382805 0.5145915116846252 0.05442725696028236 0.08355340302472103
1 0.297924368010154 0.6559909272936116 0.057624979832919365 0.10600199678896792
1 0.6290168017861073 0.728134458896357 0.06805982721774531 0.11231212415127166
1 0.49727090391811574 0.3925877424343897 0.057594678635987266 0.09674273752970845
1 0.5693031228882643 0.5089431276024018 0.07532119268747976 0.10358106515673635
1 0.44601747612682274 0.29440816754654103 0.0649348272177452 0.1120857526092472
1 0.4498046833240425 0.7290447127091745 0.05245300793590436 0.11673582199670474
1 0.5825390947198154 0.44414560162009653 0.06586134933606995 0.07697602460473674
1 0.28411942818407643 0.5762685516507976 0.061724983866335494 0.08593345514129683
1 0.5899459059348239 0.40948861669963516 0.06375377504519122 0.06941770283597969
1 0.3626255287576242 0.7838551492339368 0.06488028506326747 0.09541908594258033
1 0.4027542836357346 0.620055855432914 0.06489846578142675 0.10097464149813588
1 0.36652554489128875 0.8656384594381176 0.06592195172993413 0.09549454312325535
1 0.40464368930870276 0.6794660290535228 0.06386285935414643 0.10275103616931312
1 0.3164804403497888 0.7166084158050178 0.06383861839660081 0.09534362876190572
1 0.5282751169690679 0.6291484457042313 0.0628636143631848 0.11563854195160106
1 0.4922160649274417 0.8228791978575833 0.061682562190630584 0.07297049217833386
1 0.5790875363007452 0.22532525437887865 0.05657119268747977 0.1022228359045892
1 0.6504386728477186 0.23141999718103073 0.05975073484195737 0.11911587411328037
1 0.598600431955637 0.3119441259968857 0.0669636183966008 0.09557000030393017
1 0.4196909782089947 0.37955877506670715 0.06070755815721445 0.0932654053680292
1 0.5174046268562166 0.44868878708717863 0.05963559029361569 0.08393068892809513
1 0.28764708684937473 0.6126437628942706 0.07215377101177498 0.09039173065174871
1 0.6640611109844077 0.6852919040785936 0.08054164649958603 0.10766205476381392
1 0.5480179544667453 0.8046939348014648 0.08258255815721445 0.09485000616220081
1 0.506151299900327 0.8627867586855824 0.07417044171185765 0.07017227464272797
1 0.374000060501242 0.3327201405984959 0.06692119672089589 0.08260703734096721
1 0.48689025143386944 0.5400190473661269 0.06902877101177497 0.09016535910972426
