1 0.6106145833333334 0.1698148148148148 0.04902083333333328 0.09027777777777778
1 0.48840625 0.1953888888888889 0.05079166666666666 0.09948148148148148
1 0.6209895833333333 0.44377777777777777 0.05804166666666669 0.08698148148148153
1 0.44783333333333336 0.176462962962963 0.05089583333333335 0.104
1 0.54621875 0.5690925925925926 0.05381250000000003 0.10220370370370359
1 0.46830208333333334 0.4615740740740741 0.044718749999999946 0.10351851851851848
1 0.71565625 0.3279444444444444 0.04138541666666669 0.10231481481481482
1 0.5357395833333333 0.10544444444444444 0.0369479166666667 0.08833333333333332
1 0.49932291666666667 0.0745 0.04702083333333332 0.09811111111111112
1 0.63875 0.21487037037037038 0.04053125000000009 0.10166666666666666
1 0.6428645833333333 0.6326481481481482 0.04594791666666656 0.11772222222222231
1 0.5790208333333333 0.7643518518518518 0.04994791666666672 0.10720370370370368
1 0.40979166666666667 0.636462962962963 0.02670833333333332 0.1081851851851851
1 0.47059375 0.6203518518518518 0.04562499999999995 0.12470370370370376
1 0.3059895833333333 0.5841481481481482 0.04532291666666666 0.0882407407407407
1 0.4305833333333334 0.6315925925925926 0.030562500000000034 0.11079629629629638
1 0.4199895833333333 0.4713333333333333 0.04345833333333336 0.0882592592592593
1 0.6681666666666667 0.3027962962962963 0.040187499999999925 0.1006296296296297
1 0.3759375 0.3652407407407407 0.05047916666666671 0.09944444444444442
1 0.5660208333333333 0.3463333333333333 0.04564583333333327 0.101462962962963
1 0.7082499999999999 0.5623518518518519 0.0383541666666666 0.11031481481481491
1 0.6029479166666667 0.35983333333333334 0.046260416666666755 0.1022407407407407
1 0.2967708333333333 0.7057222222222221 0.05805208333333335 0.09907407407407408
1 0.5892604166666667 0.14103703703703704 0.031218750000000028 0.11811111111111111
1 0.3528125 0.5255 0.05216666666666671 0.08505555555555547
1 0.5650520833333333 0.1335185185185185 0.029895833333333382 0.10003703703703705
1 0.35387500000000005 0.6353333333333333 0.03939583333333339 0.1058518518518518
1 0.43086458333333333 0.333037037037037 0.04157291666666663 0.0963148148148148
1 0.44725000000000004 0.5224074074074074 0.037541666666666626 0.0881851851851852
1 0.6627604166666666 0.5416111111111112 0.028354166666666694 0.10392592592592594
1 0.5066145833333333 0.4846111111111111 0.040291666666666615 0.11198148148148153
1 0.40996875 0.2394259259259259 0.03571874999999996 0.10316666666666666
1 0.5438958333333334 0.8247407407407408 0.052083333333333336 0.14683333333333326
1 0.6841562499999999 0.5701111111111111 0.021572916666666705 0.12698148148148136
