1 0.4916979166666666 0.2023888888888889 0.048718749999999984 0.10211111111111114
1 0.4507291666666667 0.1848888888888889 0.05037500000000002 0.10212962962962964
1 0.43370833333333336 0.6333888888888889 0.02831249999999995 0.10529629629629632
1 0.713125 0.33440740740740743 0.041635416666666696 0.10711111111111106
1 0.47087500000000004 0.4640370370370371 0.04242708333333335 0.10427777777777779
1 0.5793125 0.7623148148148148 0.050937500000000094 0.10496296296296287
1 0.6118541666666667 0.17533333333333334 0.04874999999999995 0.09198148148148151
1 0.62125 0.44320370370370377 0.05810416666666664 0.09909259259259263
1 0.42191666666666666 0.47324074074074074 0.05107291666666664 0.08805555555555553
1 0.537 0.11272222222222222 0.03736458333333328 0.08874074074074075
1 0.5688124999999999 0.1443888888888889 0.0370937499999999 0.09609259259259258
1 0.50334375 0.0849074074074074 0.04878125000000004 0.1002037037037037
1 0.31196875 0.5879814814814814 0.045010416666666705 0.08912962962962963
1 0.450125 0.5299444444444444 0.036687500000000026 0.09127777777777771
1 0.6682083333333334 0.30596296296296294 0.04285416666666677 0.10105555555555554
1 0.4129791666666666 0.6389259259259259 0.026072916666666637 0.10622222222222225
1 0.5473125 0.5699444444444444 0.05464583333333337 0.10566666666666656
1 0.6374166666666666 0.22146296296296297 0.03957291666666667 0.10290740740740739
1 0.6418958333333333 0.6383333333333333 0.043625000000000115 0.11188888888888882
1 0.7075937499999999 0.5667407407407408 0.04298958333333332 0.11492592592592603
1 0.47036458333333336 0.6229444444444444 0.04305208333333337 0.12116666666666678
1 0.3811041666666667 0.3654074074074074 0.05026041666666667 0.09764814814814818
1 0.6030625000000001 0.3612962962962963 0.04407291666666661 0.09768518518518518
1 0.56796875 0.35105555555555557 0.04685416666666668 0.10092592592592593
1 0.43121875000000004 0.3375925925925926 0.044375000000000026 0.0940925925925926
1 0.30237499999999995 0.7067592592592592 0.05849999999999997 0.09861111111111111
1 0.35678125 0.5344259259259259 0.05038541666666667 0.07248148148148145
1 0.6831875000000001 0.5666296296296297 0.03695833333333335 0.12779629629629627
1 0.41742708333333334 0.2501851851851852 0.0464479166666667 0.09759259259259258
1 0.6626770833333333 0.5425 0.02919791666666664 0.10205555555555558
1 0.5078020833333333 0.4883703703703704 0.03522916666666672 0.11131481481481484
1 0.35975 0.6382222222222222 0.036458333333333336 0.11507407407407405
1 0.546875 0.8161296296296295 0.04464583333333329 0.12433333333333331
1 0.5885416666666666 0.14683333333333334 0.026781250000000038 0.1111111111111111
