1 0.38643482134521157 0.15156926475916024 0.05798255734139358 0.10614811229556025
1 0.45372534890196914 0.1666150980502591 0.03181968178442389 0.08736024980431235
1 0.4760730635741507 0.2386110713353886 0.03517497867599957 0.122577756266225
1 0.42356586401972635 0.2539699609751168 0.058781806227454325 0.06912184901743237
1 0.42465031869296854 0.3400756852067734 0.05858787200296949 0.03949221938780275
1 0.4238025862507866 0.3697160885953122 0.05651665955866652 0.041322523721836264
1 0.4295139364788772 0.4465140716526181 0.07547271467218147 0.07299793286368299
1 0.33141618626669495 0.5790190602304714 0.07240831911733304 0.08222487084621485
1 0.36203056938254313 0.6407436582591423 0.05568104800551481 0.07279323144440847
1 0.4668207320443313 0.5757666197204266 0.05985983556121184 0.074688178331897
1 0.5132108964831195 0.5012077264954395 0.0702037768936968 0.06368480480987779
1 0.5242995427010287 0.4446077336659571 0.059787110227030024 0.06357706722078599
1 0.4906813684754834 0.4014339754325323 0.06388105155951489 0.05250905114531166
1 0.5153601649161806 0.35210133114463793 0.057824985783999715 0.08207403822148618
1 0.5732753275779687 0.2876091117568352 0.06190680622745433 0.06915417029415999
1 0.5899726613621805 0.37170137775300216 0.05976286844896942 0.0598733635170824
1 0.6391912289146958 0.33137480939000147 0.059714384892848214 0.05246595610967488
1 0.6792048538086046 0.3967061472921935 0.05985983556121184 0.07468817833189721
1 0.6692184787025134 0.46255462562202604 0.05979923111606051 0.06542891907263795
1 0.7360427169265741 0.4859391791259128 0.053597714672181475 0.07277168392659014
1 0.7223499040419981 0.5425661063526682 0.0544818097814544 0.048708383611425335
1 0.7055563329354827 0.6029290585598548 0.06375984266921199 0.033990532626792934
1 0.7042362507160885 0.6399822562352556 0.06585529689157568 0.03586393199646333
1 0.6883388956078763 0.6781122124613108 0.055608322671333116 0.06168212033329736
1 0.6631574471673913 0.7302280214064375 0.057715897782726934 0.06540737155481961
1 0.5914877724909675 0.6031828592344838 0.06712726044981802 0.07105989094055758
1 0.5835847307182097 0.6690097900464979 0.068096201782303 0.059959553588355745
1 0.5400710880543005 0.7055733990317944 0.0629969564502422 0.07657235146047646
1 0.6129759987269063 0.7826024005653843 0.05979923111606051 0.06542891907263775
1 0.6010153782887545 0.8651390930797019 0.07429771822618154 0.05261678873440335
1 0.484838877837876 0.7820757210593612 0.05549923467006034 0.04501545366663069
1 0.4351112329460883 0.7446245116445842 0.06813256444939372 0.0655151091439113
1 0.46731235783999714 0.810036652738595 0.06592802222575737 0.04697504310757444
1 0.4738532591767243 0.8544164546295844 0.0742613555590907 0.04706123317884779
