1 0.3043125 0.7076666666666667 0.05952083333333332 0.10053703703703697
1 0.3177083333333333 0.5853148148148148 0.037197916666666705 0.08862962962962966
1 0.359375 0.5396851851851852 0.053572916666666616 0.06877777777777776
1 0.3604895833333333 0.6408703703703703 0.034968750000000055 0.0992037037037038
1 0.4129479166666667 0.6375740740740741 0.022322916666666616 0.10581481481481479
1 0.4326666666666667 0.6362407407407408 0.023062499999999986 0.11640740740740743
1 0.47061458333333334 0.6236851851851852 0.024552083333333384 0.11507407407407405
1 0.44978125 0.5330740740740741 0.03347916666666665 0.08729629629629627
1 0.4281979166666667 0.4742037037037037 0.04389583333333332 0.09390740740740743
1 0.390625 0.3743333333333333 0.040177083333333384 0.08729629629629627
1 0.43415625 0.3472222222222222 0.029020833333333346 0.08333333333333333
1 0.4215 0.2632222222222222 0.026041666666666668 0.09259259259259259
1 0.4520104166666667 0.18585185185185185 0.037947916666666616 0.09655555555555559
1 0.48771875 0.20964814814814814 0.037947916666666616 0.09390740740740743
1 0.5014895833333334 0.08994444444444444 0.03273958333333328 0.09259259259259257
1 0.5353437499999999 0.11838888888888889 0.029020833333333287 0.08862962962962963
1 0.5684479166666667 0.14946296296296296 0.023812499999999896 0.09524074074074075
1 0.5892812500000001 0.14946296296296296 0.025302083333333295 0.11375925925925927
1 0.60975 0.17592592592592593 0.040927083333333295 0.09788888888888891
1 0.6350416666666666 0.23081481481481483 0.024552083333333266 0.12301851851851855
1 0.6651770833333334 0.3135 0.028270833333333436 0.10316666666666663
1 0.7098229166666666 0.3392777777777778 0.028270833333333436 0.10979629629629634
1 0.5714270833333334 0.3558148148148148 0.03571874999999996 0.10053703703703708
1 0.6056562499999999 0.37103703703703705 0.041666666666666664 0.10185185185185185
1 0.6205312500000001 0.4457592592592593 0.04464583333333323 0.10053703703703708
1 0.6621979166666667 0.5423333333333333 0.020833333333333332 0.10846296296296305
1 0.6800625 0.5707592592592592 0.022322916666666734 0.10449999999999991
1 0.7094479166666667 0.5753888888888888 0.036458333333333336 0.11905555555555548
1 0.640625 0.6316111111111111 0.03125 0.11507407407407405
1 0.5814687500000001 0.7585925925925926 0.04240625000000004 0.10449999999999991
1 0.5476145833333333 0.5641481481481482 0.04464583333333329 0.112425925925926
1 0.5081875 0.4947037037037037 0.03273958333333328 0.1111111111111111
1 0.4758229166666667 0.47024074074074074 0.036458333333333336 0.09920370370370374
