1 0.6566773724008201 0.5917898354897962 0.06632801156375716 0.10944383164903283
1 0.6619277639507902 0.6651157667066576 0.06527422400806036 0.10755965560286954
1 0.511946310179305 0.5780375132212365 0.0631181653405451 0.0963838961031351
1 0.41068646751009297 0.6082353997063529 0.06506816889454517 0.07607817412138805
1 0.5464617950880617 0.31887054015686395 0.056989374230848 0.11470846945578467
1 0.4235985777371231 0.5456603270751282 0.0745886195629088 0.09859131409241399
1 0.6755678573095769 0.33213799951075096 0.06411134845109055 0.08900881289003935
1 0.4149247648260332 0.836190960552844 0.041158319117333045 0.08274212505963052
1 0.36510876753130417 0.32898687108740127 0.06841134489709048 0.10950848003765586
1 0.4042001101740022 0.644152565651595 0.0629242311160604 0.06675426647350567
1 0.6322663302036979 0.2622618648311489 0.06305756089539377 0.08712463684387604
1 0.6949958973053346 0.38830771475822534 0.05689240711860582 0.09989365464096986
1 0.45031149416509353 0.7622738210622798 0.04860755734139346 0.1070424684938852
1 0.4973504910619719 0.6590826180795125 0.06005376978569667 0.10554618277945998
1 0.499690552434758 0.14238362721853434 0.06724846934012092 0.09095763732482577
1 0.7069928804105774 0.4655474569418153 0.062003773339696505 0.08524046079771264
1 0.7154288764056989 0.5297111014823521 0.055717410672605654 0.07949096007628803
1 0.7254031306227595 0.5976269360180598 0.0631666488966663 0.1037913035105427
1 0.39418876349991167 0.7410838701250135 0.06832649867387844 0.096545517074693
1 0.6270583617653339 0.18245445213280595 0.06729695289624213 0.09836504473223318
1 0.5477861132771238 0.7532590961933693 0.06210074045193892 0.10005527561252756
1 0.589490602190759 0.43041334150313276 0.06418407378527226 0.10011992400115045
1 0.477916390621699 0.6038388287579641 0.0661704400063634 0.08536975757495877
1 0.5032875373170007 0.22954996103281744 0.06190680622745433 0.07042564598289781
1 0.5733618555060629 0.6660719138938827 0.0631181653405451 0.0963838961031353
1 0.46555045019097113 0.42378898460228487 0.06428104089751478 0.11493473881596528
1 0.7061633293019408 0.4331077253400964 0.0713424106726059 0.07997582299096069
1 0.4495144346488493 0.24732970947021893 0.07461286134096928 0.1022950177961175
1 0.351952415048821 0.8268279393895901 0.07268709956502993 0.12630444348156844
1 0.3335193826384559 0.37986899710990774 0.07152422400806012 0.10775360076873847
1 0.6167785310577297 0.7183554559808922 0.060913623116908865 0.07780072919599366
1 0.5071319057394563 0.5176907070644937 0.06925907733927245 0.07991117460233757
1 0.49364624265330365 0.19035399229796915 0.07649013956078766 0.07087818470325902
1 0.5920042270846679 0.3647372491510151 0.06520149867387844 0.09644854449175831
