1 0.47577710985063176 0.5623848840234471 0.05809169047587659 0.08207403822148628
1 0.32163126163654226 0.6117216805102693 0.059260633657644966 0.09504777494335831
1 0.3327479491362676 0.5405331218030648 0.059260633657644966 0.09504777494335831
1 0.40428012040284017 0.6292448610102156 0.0455553257572762 0.07824104941087234
1 0.4827714036821215 0.6457990205485992 0.05301063365764496 0.09498313238990329
1 0.5736600478919749 0.6198844857218455 0.05780077272707303 0.05244440859185665
1 0.640304442912607 0.35758410893179704 0.06026593560571101 0.09135484499856376
1 0.27934494156021045 0.4621951085620099 0.05167804924217461 0.0653427290013645
1 0.26674757467733606 0.5250341732975173 0.054984872835176904 0.08389356879661052
1 0.5206975062258574 0.7619437772484341 0.041697759198713415 0.10967943585671694
1 0.5764395830652705 0.6551019921837583 0.059865923701106286 0.05061410425782314
1 0.3113832380964935 0.32917960111649724 0.05187805519447709 0.08571309937173487
1 0.5098248273832277 0.5960737514007831 0.0580007786793755 0.07281477896222702
1 0.5654240814415158 0.5568299458081547 0.06744850811657652 0.08031915019981684
1 0.5247325367970503 0.1387740815824675 0.0643416904758766 0.08213868077494128
1 0.39652571618019933 0.1457822425699721 0.06015684144990973 0.0802437338874527
1 0.5744615248946422 0.7504615887952194 0.05377956493480838 0.06721612837103479
1 0.4128120064950186 0.39690209615626315 0.060211388527810425 0.08579928944300833
1 0.5657472746221858 0.2586548632627336 0.06642502380920992 0.08216022829275962
1 0.2929567015708011 0.4021445953631894 0.05902426298674198 0.07097370086928423
1 0.4247251691044955 0.7220583156604463 0.05608108657974427 0.08945989811107535
1 0.3858844061155567 0.22160581778626087 0.05798259632007519 0.07096292711037507
1 0.5333998779777988 0.4231518521897277 0.060356847402212095 0.10061410425782313
1 0.33580522159198256 0.2822051753491861 0.059006080627441664 0.06912184901743237
1 0.6193311931850635 0.8490837823353714 0.05832806114677946 0.10614811229556036
1 0.4611805960509141 0.2983182281125567 0.05412502976151241 0.10240131355621987
1 0.2974688330641721 0.3670025052136409 0.06936820021620775 0.06367403105096861
1 0.5135158463211736 0.2201478254748572 0.0589151688309407 0.05986258975817312
1 0.559323629602652 0.8067922376519726 0.036016684523574344 0.06147741891402305
1 0.41608892045579365 0.32841051203501764 0.05812805519447709 0.08577774192518987
1 0.4940490963222722 0.5051606305174955 0.07037350216427392 0.05998110110617408
1 0.6700400349041346 0.4060446960883113 0.07161517478324318 0.08036224523545361
1 0.5320904778145448 0.18515118107058262 0.06300910606040636 0.05249827738640244
1 0.35486722808700116 0.6750347906377806 0.06330002380920992 0.08212790701603202
