1 0.6732129238888047 0.19989057008139818 0.06394770270555625 0.12670331622164613
1 0.6707144641575021 0.32682862659382617 0.054530281029851344 0.11335243228609057
1 0.6224163496633895 0.2862402923596287 0.038923461748010625 0.11826145288732522
1 0.635600462206258 0.3949392213251431 0.06171892362694915 0.0821726671166256
1 0.6261645125584958 0.5730833689103695 0.045173461748010624 0.11852006686905354
1 0.6111933239044322 0.6922053200529209 0.04202422079046499 0.11098335247078198
1 0.581784594916207 0.6082485512809456 0.03785149388441198 0.10895909129777777
1 0.5770156289383886 0.47420480367312673 0.05349467460257103 0.11516118180765433
1 0.5765163536968058 0.308507165262674 0.04106739747520815 0.13686617606641982
1 0.554601962140794 0.32144935123576046 0.034787096278275934 0.1273483028254321
1 0.5165144661742102 0.34339295666164527 0.040049971766087114 0.14423048114353912
1 0.5474402433670371 0.44117396082707744 0.03469619268747977 0.09957052504765435
1 0.5326660124930318 0.5001107267844437 0.044149975799503235 0.1240325200943209
1 0.4972917675020701 0.488613243051275 0.04204846174801062 0.11839075987818938
1 0.44904516504274206 0.4322841680763368 0.04312042961160938 0.12769312146773662
1 0.4212114037871879 0.18532133401111048 0.058775730808541364 0.137598915681317
1 0.39651103838291724 0.2539268313654726 0.04826210031169218 0.1075382627488066
1 0.3475675083941518 0.4105607193534974 0.04619694769651801 0.11300761364378607
1 0.33528532975816455 0.5036489887444029 0.03263104007230571 0.10503987594263393
1 0.3129713096565478 0.47957568884559626 0.03689467056915501 0.1348419148934157
1 0.2879379783399225 0.4907953299576951 0.05042421675704887 0.13169854148345683
1 0.30539749460451493 0.7252262243628391 0.0358287629449426 0.1273914051557203
1 0.3517122697151699 0.735345207702057 0.05039391556011677 0.12243928222419759
1 0.39262781395181956 0.8040130360260488 0.04206058222678344 0.12209446358189309
1 0.38866451255849577 0.5829107002160488 0.05559012841467729 0.11895109017193421
1 0.41342210298303933 0.6559503183632093 0.046203007935904476 0.11485946549563802
1 0.4457319503678652 0.6490585905687236 0.048334823184329065 0.12976048497102882
1 0.424798275830758 0.8397139008241558 0.047226493884411865 0.10934701227037046
1 0.44921684010356056 0.8572195145809046 0.04108557819336731 0.14242173162197527
1 0.4684937336762803 0.8545702696187235 0.030565887457131662 0.1105092268376131
1 0.5038467678293896 0.8725492348333738 0.04617876697835885 0.10745205808823062
1 0.540777452580965 0.8858339169229621 0.053506795081343955 0.11886488551135825
1 0.5453350046880552 0.7662170631573654 0.05037573484195737 0.11688372666864202
1 0.5828137938502028 0.7711468607484764 0.058709068175290945 0.11722854531094652
