1 0.46927083333333336 0.7747996088491641 0.059375 0.11973801964739879
1 0.5885416666666666 0.820481813046738 0.057291666666666664 0.1066672899131822
1 0.4708333333333333 0.89601508006702 0.05416666666666667 0.11391304716370904
1 0.4276041666666667 0.7880660553853504 0.059375 0.119738019647399
1 0.31354166666666666 0.355077397222605 0.052083333333333336 0.10269416928134407
1 0.596875 0.22468037559135254 0.06041666666666667 0.12349560673672946
1 0.4197916666666667 0.32180351411088537 0.034375 0.11659296654050193
1 0.6171875 0.5514074273494062 0.065625 0.11265391255375293
1 0.5494791666666666 0.41324318074848676 0.065625 0.12006131996116022
1 0.5083333333333333 0.8718530559622301 0.04479166666666667 0.10046513373010418
1 0.465625 0.5055437562544137 0.052083333333333336 0.11380528039245519
1 0.6510416666666666 0.36354510620542135 0.05520833333333333 0.13248544906785426
1 0.4791666666666667 0.3474358648338568 0.05416666666666667 0.13613526938593115
1 0.7020833333333333 0.6784974129022968 0.04895833333333333 0.11364363023557462
1 0.5916666666666667 0.6286534962231907 0.05520833333333333 0.11581878240118781
1 0.4401041666666667 0.33001204735042045 0.03854166666666667 0.11680850008300941
1 0.7140625 0.44361849470832837 0.04791666666666667 0.12655270981291056
1 0.42135416666666664 0.49209305940281534 0.058333333333333334 0.10486932144695706
1 0.5635416666666667 0.8439972365240054 0.041666666666666664 0.12808126135100117
1 0.6536458333333334 0.6976696570006135 0.051041666666666666 0.11745510071053197
1 0.55625 0.6360410868900601 0.05520833333333333 0.11581878240118781
1 0.3671875 0.5911912917517096 0.05625 0.11216896208311082
1 0.31197916666666664 0.2320100741528972 0.06666666666666667 0.11455964779123148
1 0.5427083333333333 0.8534082375698764 0.04375 0.11522606515929207
1 0.621875 0.7798686558177889 0.04583333333333333 0.10977827637499016
1 0.3651041666666667 0.3125953548192596 0.046875 0.11909141901987634
1 0.4192708333333333 0.6273860113592543 0.051041666666666666 0.11189954515497641
1 0.4479166666666667 0.44349681084710774 0.04583333333333333 0.1079264245231383
1 0.6630208333333333 0.4582958176410826 0.03854166666666667 0.11495664823115745
1 0.39375 0.7101876357885945 0.051041666666666666 0.11189954515497641
1 0.3578125 0.41667624222235145 0.06666666666666667 0.08307816630975001
1 0.5692708333333333 0.16314532234750193 0.051041666666666666 0.13782547108090235
1 0.5005208333333333 0.49355347765072793 0.040625 0.13543478537278167
1 0.6859375 0.43859186463877275 0.030208333333333334 0.133044099664661
