1 0.44916666666666666 0.1864074074074074 0.05015624999999998 0.10250000000000002
1 0.4873958333333333 0.20974074074074078 0.05021875000000004 0.09918518518518521
1 0.4319895833333333 0.6348888888888888 0.0284791666666667 0.10424074074074068
1 0.46844791666666663 0.46355555555555555 0.04204166666666668 0.09846296296296295
1 0.42123958333333333 0.4742777777777778 0.0504270833333333 0.08831481481481486
1 0.6085312500000001 0.17942592592592593 0.04816666666666668 0.08705555555555554
1 0.5763645833333333 0.7626111111111111 0.04771874999999994 0.10572222222222229
1 0.49996875 0.0907037037037037 0.043760416666666656 0.09557407407407408
1 0.7066354166666666 0.5667222222222221 0.041770833333333236 0.11366666666666665
1 0.4485208333333333 0.5192592592592592 0.03903125000000003 0.10601851851851851
1 0.5341145833333333 0.11831481481481482 0.03459375000000004 0.08787037037037039
1 0.6646666666666667 0.3119074074074074 0.03830208333333331 0.0971111111111111
1 0.46827083333333336 0.6236851851851852 0.04513541666666671 0.11866666666666674
1 0.4113125 0.6392407407407408 0.025260416666666667 0.10574074074074079
1 0.35652083333333334 0.5337407407407407 0.05387500000000003 0.07181481481481476
1 0.5666666666666667 0.14366666666666666 0.0359375 0.0973888888888889
1 0.7047083333333333 0.3406666666666667 0.047114583333333356 0.10287037037037039
1 0.6348645833333334 0.22442592592592592 0.03987499999999997 0.10212962962962961
1 0.37953125000000004 0.3659074074074074 0.04771874999999994 0.09655555555555553
1 0.3567395833333334 0.636425925925926 0.03751041666666666 0.09975925925925927
1 0.54515625 0.5717037037037037 0.052302083333333374 0.09820370370370365
1 0.6174375 0.44425925925925924 0.056229166666666684 0.09435185185185183
1 0.43288541666666663 0.33688888888888885 0.04182291666666664 0.09094444444444447
1 0.5643541666666666 0.35635185185185186 0.0453854166666666 0.10111111111111115
1 0.6596666666666666 0.542425925925926 0.028572916666666733 0.10107407407407415
1 0.5862604166666666 0.15188888888888888 0.02992708333333335 0.11537037037037035
1 0.30025 0.715962962962963 0.05775000000000006 0.08655555555555557
1 0.328125 0.5820185185185186 0.03422916666666668 0.05025925925925923
1 0.5450104166666667 0.8240740740740741 0.04240625000000004 0.14814814814814814
1 0.6387604166666667 0.6309444444444444 0.03496874999999993 0.13492592592592595
1 0.6789479166666667 0.5727592592592593 0.026041666666666668 0.11375925925925917
1 0.6019375 0.36242592592592593 0.040177083333333266 0.10053703703703708
1 0.4133229166666667 0.2552962962962963 0.037947916666666616 0.10053703703703705
1 0.500375 0.4880925925925926 0.03051041666666663 0.11375925925925921
