1 0.5999676511775728 0.8580770953627541 0.06741816178654503 0.11619390263337298
1 0.541918793841482 0.8231619119692989 0.05572953156163626 0.08077168672937331
1 0.5117161560576944 0.7450723333097968 0.048753008009757084 0.12876899714736628
1 0.5700313080574823 0.7410878536907808 0.05989619822830292 0.08085787971803282
1 0.5736585951623006 0.6585942532947134 0.06386893067048476 0.05131444307706332
1 0.5765229960481494 0.6187147937384037 0.05975074755993906 0.0586356574958108
1 0.5734945982654222 0.5539538495415012 0.07228711022702991 0.06444979201734592
1 0.6820756800339378 0.43039498729288295 0.0724446817844239 0.08852386609142
1 0.6593222804742107 0.37622864497730024 0.06505604800551482 0.07355821354645042
1 0.5861264684648778 0.25550402593304355 0.07343786489496935 0.08113800693117768
1 0.5598177773445753 0.13566158761821495 0.07239619822830269 0.0811164586840127
1 0.55747420979206 0.1755302730509422 0.05868483911521191 0.05491040554494212
1 0.536859052461272 0.20929457132757498 0.06391741422660596 0.05872185048447062
1 0.48049426891045355 0.27250598783510294 0.0610227111181814 0.09384239092816098
1 0.4262783888977269 0.10693828177384986 0.06391741422660585 0.05872185048447068
1 0.41224049557075687 0.19057329056749275 0.053706802673454256 0.0899878494943024
1 0.3614594280182416 0.2314439694933912 0.05881816889454517 0.07528077591531249
1 0.3145484302461201 0.30649848881347147 0.06395377689369681 0.06427740604002628
1 0.29535068714193796 0.3976486462503467 0.05667423111606039 0.06597842016172327
1 0.31063024180457455 0.34454764476509436 0.059726505781878575 0.0549319537921071
1 0.27487492003499836 0.45270924082327574 0.05673483556121184 0.07523767942098253
1 0.33918589826011947 0.489346986585593 0.06196741067260578 0.07904912436051113
1 0.32553550848714957 0.552600850885283 0.060974227562060314 0.08643498352075346
1 0.35983208760342206 0.619493125445014 0.06079241422660585 0.05865720574297568
1 0.4133142889348464 0.593383390716018 0.05672271467218148 0.07338582756913058
1 0.419655560497543 0.6867833938751291 0.060974227562060196 0.08643498352075346
1 0.48383890449287653 0.6243362914397899 0.0547242275620602 0.08630569403776378
1 0.5112127742679676 0.5885800777047329 0.05984771467218148 0.07345047231062563
1 0.49853665648205886 0.4823464010656485 0.06809620178230287 0.060659895324982296
1 0.5450116671440591 0.42026561883211383 0.06309392356248461 0.09203363557063897
1 0.4827483893751193 0.5373100285263354 0.05990831911733305 0.08270973156988466
1 0.4289684964725139 0.35876858537853673 0.06191892711648469 0.07164171695310373
1 0.4343461573573019 0.30494636631542565 0.05879392711648457 0.07157707221160879
