1 0.4862916666666666 0.20601851851851852 0.049135416666666626 0.10014814814814813
1 0.57490625 0.7602777777777778 0.05008333333333326 0.10222222222222231
1 0.4959270833333333 0.08718518518518519 0.046104166666666654 0.09679629629629631
1 0.35359375 0.5362962962962964 0.05807291666666667 0.05857407407407406
1 0.44621875 0.18296296296296297 0.04836458333333328 0.09642592592592591
1 0.5331875 0.11172222222222222 0.036125000000000004 0.09070370370370369
1 0.5615520833333334 0.34944444444444445 0.04386458333333323 0.10120370370370366
1 0.5639270833333333 0.14077777777777778 0.0328125 0.09722222222222222
1 0.7067187500000001 0.3332407407407407 0.04158333333333341 0.10414814814814817
1 0.46658333333333335 0.6187222222222223 0.03966666666666671 0.12157407407407403
1 0.6607083333333333 0.31068518518518523 0.03800000000000002 0.09835185185185187
1 0.46570833333333334 0.46309259259259256 0.04305208333333337 0.10007407407407407
1 0.6320937499999999 0.6305185185185186 0.04846874999999997 0.11037037037037041
1 0.6308333333333334 0.21996296296296297 0.03862499999999992 0.10142592592592592
1 0.37790625 0.3657777777777778 0.04822916666666662 0.0962962962962963
1 0.5429375000000001 0.5693148148148148 0.05272916666666661 0.09507407407407413
1 0.6174479166666667 0.44027777777777777 0.05677083333333333 0.0993148148148148
1 0.5992604166666666 0.3641111111111111 0.04634375000000001 0.09687037037037037
1 0.7032291666666667 0.5627037037037037 0.039000000000000055 0.10824074074074083
1 0.42759375 0.6307222222222222 0.0261354166666667 0.10409259259259265
1 0.6570625 0.5438888888888889 0.02939583333333336 0.10561111111111106
1 0.40911458333333334 0.25242592592592594 0.03841666666666666 0.09909259259259258
1 0.4077083333333333 0.6363148148148149 0.027677083333333387 0.10903703703703703
1 0.4985104166666667 0.4854444444444444 0.03273958333333328 0.11640740740740743
1 0.5435312499999999 0.8148148148148148 0.04538541666666666 0.13492592592592595
1 0.6767083333333334 0.5720925925925926 0.027531250000000066 0.112425925925926
1 0.6041666666666666 0.17461111111111113 0.040177083333333266 0.08729629629629633
1 0.5855625 0.13822222222222222 0.028270833333333436 0.1283148148148148
