1 0.3541666666666667 0.5337222222222222 0.04613541666666663 0.07011111111111114
1 0.41034375 0.4867777777777778 0.04240625000000004 0.08464814814814817
1 0.3813229166666667 0.3683888888888889 0.039437500000000014 0.10450000000000001
1 0.42559375 0.3465555555555555 0.025302083333333295 0.10316666666666663
1 0.4092291666666667 0.25859259259259254 0.028270833333333318 0.10185185185185185
1 0.4456875 0.18783333333333335 0.040177083333333384 0.10316666666666666
1 0.4813958333333333 0.21362962962962964 0.041666666666666664 0.10185185185185187
1 0.49441666666666667 0.09524074074074074 0.04389583333333332 0.10053703703703705
1 0.5253020833333334 0.11705555555555555 0.03273958333333328 0.10449999999999998
1 0.5598958333333334 0.1455 0.021572916666666705 0.10846296296296296
1 0.5811041666666666 0.14153703703703704 0.025302083333333295 0.12698148148148147
1 0.6037916666666666 0.1779074074074074 0.039437499999999896 0.09127777777777776
1 0.6264895833333333 0.22816666666666666 0.026781250000000038 0.10714814814814812
1 0.6577395833333333 0.31612962962962965 0.029760416666666602 0.10581481481481479
1 0.6986562500000001 0.3320185185185185 0.025302083333333295 0.11375925925925927
1 0.5524583333333334 0.25992592592592595 0.04985416666666662 0.08598148148148149
1 0.5610104166666667 0.35251851851851856 0.041666666666666664 0.0992037037037037
1 0.5952395833333333 0.36442592592592593 0.028270833333333436 0.10714814814814817
1 0.6130937500000001 0.4398148148148148 0.04761458333333337 0.10185185185185185
1 0.6529062499999999 0.5409999999999999 0.023062500000000104 0.09524074074074065
1 0.6685312499999999 0.5701111111111111 0.023062500000000104 0.09788888888888891
1 0.6934479166666667 0.5628333333333333 0.026781250000000038 0.10714814814814817
1 0.6305833333333334 0.628962962962963 0.039437499999999896 0.112425925925926
1 0.5364583333333334 0.5661296296296295 0.04017708333333333 0.10846296296296305
1 0.5718020833333333 0.7533148148148149 0.04240625000000004 0.09390740740740748
1 0.5398020833333333 0.8154814814814815 0.04240625000000004 0.11507407407407405
1 0.4973958333333333 0.4854444444444444 0.021572916666666705 0.11640740740740743
1 0.4672604166666667 0.4675925925925926 0.037197916666666705 0.11507407407407405
1 0.4620520833333333 0.6144259259259259 0.038687499999999986 0.10714814814814817
1 0.4267083333333333 0.6283148148148149 0.020093749999999962 0.11375925925925917
1 0.4069895833333333 0.6296296296296297 0.019343750000000052 0.10581481481481479
