1 0.6568518160363108 0.47314814814814815 0.059037705141254074 0.08888888888888889
1 0.5807092972209986 0.37222222222222223 0.060042996006366894 0.08703703703703704
1 0.5189896954095166 0.7037037037037037 0.05602183254591573 0.09444444444444444
1 0.6721213111987148 0.6768518518518518 0.04840278366526386 0.07777777777777778
1 0.6707340964953592 0.4027777777777778 0.05583995353814615 0.08518518518518518
1 0.45541167501936913 0.41388888888888886 0.0485482868714796 0.08518518518518518
1 0.41212130678310016 0.7351851851851852 0.06294974119704336 0.07592592592592592
1 0.4491583560857334 0.5731481481481482 0.05699074760947458 0.09074074074074075
1 0.6890922158562093 0.6083333333333333 0.054252649848171096 0.05740740740740741
1 0.4517906232979378 0.6777777777777778 0.05669974119704335 0.07592592592592592
1 0.6237036585663096 0.5962962962962963 0.051782414276141255 0.09074074074074075
1 0.5719410916577632 0.6064814814814815 0.058855826133484376 0.07962962962962963
1 0.42482139576971983 0.43333333333333335 0.059679237990827735 0.06851851851851852
1 0.5123032078689429 0.43425925925925923 0.05874669872882284 0.07407407407407407
1 0.5777314157378858 0.8685185185185185 0.06090278366526387 0.07777777777777778
1 0.5721477964335812 0.2777777777777778 0.057814159466817706 0.07962962962962963
1 0.5914748087799168 0.7787037037037037 0.05547619552260722 0.06666666666666667
1 0.7221494338223258 0.4898148148148148 0.05576720193503846 0.08148148148148149
1 0.47296625196854397 0.2361111111111111 0.03522487501413636 0.0962962962962963
1 0.5027909799187433 0.3351851851851852 0.06320437180792074 0.08888888888888889
1 0.5654596052700431 0.6712962962962963 0.06090278366526387 0.07777777777777778
1 0.6413789129536516 0.7305555555555555 0.05554894712571515 0.07037037037037037
1 0.34135081240811377 0.6259259259259259 0.05695437180792074 0.08888888888888889
1 0.4714979883279912 0.3638888888888889 0.05321098318150431 0.05740740740740741
1 0.49802740938199985 0.4981481481481482 0.06265873478461212 0.06111111111111111
1 0.44576713128520423 0.8518518518518519 0.06506945033193053 0.07777777777777778
1 0.7073528020020494 0.5537037037037037 0.05231481972105314 0.06481481481481481
1 0.4193237154907731 0.3685185185185185 0.05812831010240652 0.04259259259259259
1 0.41491564979162565 0.3277777777777778 0.0687632315783965 0.053703703703703705
1 0.3101140439865103 0.5722222222222222 0.08798611699859732 0.07777777777777778
1 0.4635316877876863 0.7694444444444445 0.06552910417373485 0.04814814814814815
1 0.44613750508994154 0.8064814814814815 0.07472222516596526 0.03888888888888889
1 0.6873048452576874 0.6462962962962963 0.06761243750706807 0.04814814814814815
1 0.6388376073234051 0.3296296296296296 0.06294974119704336 0.07592592592592592
