1 0.6865032903656707 0.45829987048328885 0.06013042137783155 0.10104012253727067
1 0.6516502555399616 0.3386651898470526 0.05492208804449821 0.10060886560627307
1 0.7021467273473344 0.5284748987589911 0.06002123850432497 0.09733641883356717
1 0.36878537878738676 0.34259487106268205 0.06320082994107826 0.09944702484401743
1 0.5371428848174612 0.6163923203180905 0.06659878712484422 0.10896503826187533
1 0.6123369451979782 0.15628317471335226 0.05870661465389257 0.08799090818810822
1 0.5943099219808389 0.07609546402486383 0.0652841632744116 0.09961952761641653
1 0.7344856218899818 0.36800556714150023 0.05212906603337354 0.0763622887597999
1 0.6049264612533894 0.6664709128499756 0.06095372229748553 0.0937189665160628
1 0.4571662053362099 0.524626774748708 0.07454998040090526 0.0966920863885087
1 0.5121568924307682 0.7252025892269595 0.039788410975276634 0.11598176147994671
1 0.43549262927749943 0.23218639855768358 0.07087463666501712 0.1130137475103772
1 0.5404722429511666 0.5168007379268192 0.0702195394239792 0.09079152528815497
1 0.6129706151054716 0.5674171251467324 0.06287328132055924 0.08833591373290632
1 0.4690598311470931 0.11338373360685937 0.061121925976101346 0.06417558827263274
1 0.6960959366044457 0.25237647006066616 0.0576649479872259 0.08790465680190872
1 0.7520213221763428 0.4315266111633221 0.06303705563081886 0.09389146928846188
1 0.7163449864309795 0.31938558932069283 0.061121925976101464 0.06417558827263271
1 0.7085096200809595 0.2838351122198786 0.0752095070102996 0.08381537481174527
1 0.45309986280633663 0.5992183571399793 0.06304148499917517 0.05879253548947645
1 0.6681472233520719 0.5971913123236158 0.05733739936670688 0.07679354569079751
1 0.664140677295011 0.19561850100119338 0.05925695838978082 0.07141049290764104
1 0.5419314846219573 0.24750595693250493 0.05941630333168367 0.11206498226218223
1 0.5876512057134278 0.2752786288074064 0.06506579752739891 0.09221212020900911
1 0.45463063771960355 0.6334344907061387 0.06912771068891578 0.05375448825111772
1 0.47930458427502504 0.3900630826863122 0.060348787124844 0.10844752994467807
1 0.5319544836417319 0.45810211267785694 0.0745544097692618 0.06159315258952294
1 0.34029667571177824 0.4034294945958019 0.08896953942397907 0.09234405023974651
1 0.4653549770086502 0.14710519817809062 0.06052142017181647 0.04380521790226234
1 0.4873347305138 0.18426905934298882 0.06912771068891566 0.053754488251117935
1 0.5972379274079057 0.3348169285960951 0.06040780792995359 0.07520044799754429
