1 0.5150231574861339 0.7348798106810888 0.05157592895115736 0.1229567728804606
1 0.5636676114499998 0.6370577462646954 0.06722430306476852 0.04604112927271297
1 0.5682828117412266 0.6025829534629286 0.06715156788240743 0.04048557371715762
1 0.5577457907178007 0.532805300334454 0.08423040058245376 0.07282918936866904
1 0.6690240279895832 0.381777174473261 0.06940461664125006 0.05355630345137422
1 0.7018819697960412 0.6548912559763201 0.039632694402083266 0.08532701860152782
1 0.6348070563582868 0.3317304160399097 0.05315011600796282 0.08417565076282556
1 0.5648348581564814 0.22986587239979553 0.060490272796203705 0.08825653816591741
1 0.527696356700347 0.40296726211459233 0.0605630079785648 0.09381209372147296
1 0.47986367679925906 0.47854016261595017 0.0703977931863425 0.049906483133297236
1 0.46767799164231455 0.5346884354134014 0.06356678267462973 0.08471448461909438
1 0.413533828142083 0.694790012102153 0.060514517856990815 0.09010839001776916
1 0.3454384447833331 0.648346315553527 0.06431750861185179 0.06254614578249908
1 0.3066309533951849 0.5911346249480893 0.059181910460879665 0.06783228440992001
1 0.3252242314472451 0.5226260147998396 0.06477816476680556 0.09773133096768426
1 0.2505757848286571 0.4996537667131232 0.058140243794213 0.0677784010242933
1 0.2684785141218748 0.4441350612206501 0.060150841945185246 0.06233061223999138
1 0.28847669927881925 0.38758266303099725 0.06535917527851857 0.06260002916812589
1 0.2885135023435878 0.34501701213121805 0.06938037158046294 0.051704451599522375
1 0.3062222711505091 0.30431312145355977 0.060393292553055505 0.08084913075851011
1 0.3334151427309721 0.2547909469719261 0.06305763639810186 0.04582559573020548
1 0.40169149309844887 0.36692150087566583 0.0644387339157871 0.07180540504175834
1 0.40532389748062475 0.48702245431790175 0.03968118452365748 0.08903072230523174
1 0.4123389233161804 0.30900220130480305 0.06535917527851857 0.062600029168126
1 0.45757912360740727 0.27242595646358786 0.0738864690981482 0.07784591106795578
1 0.3804845386908564 0.19776350668190026 0.05804326355106492 0.060370993616885894
1 0.39348199791057864 0.11936606996941335 0.06230691046087967 0.06799393456680083
1 0.5137815044330092 0.19364421109943725 0.06938037158046294 0.051704451599522264
1 0.5304364840428702 0.15392012973333166 0.07865839133731474 0.044781994662756855
1 0.5319630519252777 0.11682920931066776 0.08098417527851846 0.06340827995252912
