1 0.35303125 0.532537037037037 0.05961458333333335 0.05764814814814814
1 0.4862708333333333 0.20816666666666667 0.04761458333333337 0.09292592592592594
1 0.5547604166666668 0.26075925925925925 0.04883333333333339 0.08870370370370369
1 0.44603125 0.18651851851851853 0.04794791666666664 0.09774074074074074
1 0.6134375 0.44812962962962966 0.05381250000000008 0.08066666666666662
1 0.70590625 0.3329814814814815 0.043416666666666735 0.10574074074074079
1 0.5744791666666667 0.7491851851851852 0.049479166666666664 0.09970370370370377
1 0.6035416666666666 0.1749074074074074 0.04295833333333334 0.09185185185185184
1 0.41390625000000003 0.48612962962962963 0.05106249999999998 0.0962777777777778
1 0.6304791666666667 0.6264259259259259 0.047666666666666656 0.11470370370370381
1 0.4321875 0.3427407407407408 0.04349999999999999 0.10003703703703701
1 0.3768333333333333 0.3650925925925926 0.0466458333333333 0.09848148148148149
1 0.5397708333333333 0.5683333333333332 0.053312500000000006 0.09383333333333325
1 0.4649270833333333 0.46162962962962956 0.04327083333333329 0.10205555555555552
1 0.5601770833333333 0.35168518518518516 0.042593750000000104 0.10362962962962959
1 0.6566458333333334 0.31148148148148147 0.03814583333333322 0.0927037037037037
1 0.4646770833333333 0.6123888888888889 0.04086458333333335 0.11725925925925935
1 0.5970833333333334 0.3595555555555556 0.04645833333333324 0.10533333333333332
1 0.5632395833333333 0.1434814814814815 0.03365624999999994 0.09505555555555556
1 0.49766666666666665 0.4836666666666667 0.033927083333333385 0.10651851851851848
1 0.6296979166666666 0.2228148148148148 0.040364583333333336 0.09816666666666665
1 0.7012708333333334 0.5602777777777778 0.0420312499999999 0.10677777777777772
1 0.42704166666666665 0.6265000000000001 0.025979166666666723 0.10009259259259251
1 0.49336458333333333 0.09335185185185184 0.04364583333333331 0.09722222222222222
1 0.5319583333333334 0.11396296296296297 0.03651041666666668 0.08872222222222223
1 0.6535624999999999 0.5382777777777779 0.030770833333333296 0.09757407407407397
1 0.40986458333333337 0.2544259259259259 0.03545833333333329 0.09662962962962965
1 0.4088541666666667 0.6223518518518518 0.024552083333333384 0.10185185185185185
1 0.5405520833333333 0.8082037037037038 0.04240625000000004 0.11375925925925917
1 0.67225 0.5608518518518518 0.023062500000000104 0.11905555555555548
1 0.5837083333333334 0.14814814814814814 0.024552083333333266 0.11375925925925927
