1 0.6867228901493683 0.5855963314158034 0.06030230032431163 0.09690127727086435
1 0.6297145032453124 0.3999785745772026 0.055130331709578685 0.10038946932312762
1 0.6683327183422764 0.5154191473564619 0.058218966990978296 0.09681507261028817
1 0.5240903414477128 0.6714218581531696 0.06035684740221233 0.1024568328264199
1 0.50696120751871 0.7827046044101654 0.040692457250647136 0.1146008515139095
1 0.6731034921525848 0.3119956087996307 0.051896237553777286 0.08914905122115234
1 0.5699136709952145 0.1420523908558033 0.06337275324641094 0.09147502870617295
1 0.5309937234827016 0.5791525330377374 0.06337275324641094 0.09147502870617295
1 0.5216319039490859 0.3149834790019761 0.05936972781344636 0.10796928605168737
1 0.46104368776888655 0.4540855570165027 0.06247654545414605 0.1062467411906998
1 0.5792209434509294 0.4006658893360091 0.06127123755377729 0.08953697219374493
1 0.4406898211573703 0.18390837295716114 0.06861745129834465 0.095394244061317
1 0.4158481902045186 0.3050530369221817 0.06867199837624535 0.10094979961687256
1 0.5681860765680552 0.33727190307016547 0.06441441991307736 0.09151813103646093
1 0.5980096739691689 0.7235346465125523 0.06028411796501132 0.0950494254190125
1 0.7300027849008391 0.48650225452712037 0.0581644199130776 0.09125951705473262
1 0.355489889608849 0.4145470364722228 0.06455987878747939 0.10633294585127576
1 0.4472941068700868 0.5914235361902888 0.07170608657974427 0.09181984734847767
1 0.589436421265474 0.22153193650469225 0.05916972186114388 0.087598915681317
1 0.44486003652349543 0.6616645995697948 0.05995683549760725 0.061716092085679165
1 0.6403845400423627 0.267140918042182 0.05911517478324318 0.08204336012576145
1 0.6007100246188906 0.6273892083722642 0.058146237553777284 0.08940766520288056
1 0.6935224502151094 0.3767034419639928 0.055844715908841165 0.06709923832008237
1 0.713795949403232 0.42659646031354015 0.05487577867937551 0.07446354339720168
1 0.46219590178481196 0.25328893808144104 0.05896971590884116 0.06722854531094663
1 0.5137815860370281 0.5229073401975728 0.0642689610386757 0.07670331622164613
1 0.6530570021620771 0.6563961767385195 0.05907881006464256 0.07833965642205763
1 0.44887860822248343 0.699778420688766 0.06726668452357411 0.06386966024954753
1 0.3285311966973403 0.47914556546032966 0.07377123755377729 0.09005420015720178
1 0.4462981663953086 0.22486462534934223 0.07137880411234007 0.058486514015144125
1 0.689476604977171 0.3358118430672439 0.06525608062744179 0.07119086299637876
