1 0.4765603226320601 0.15443041024037232 0.055548635131527864 0.11060223059762614
1 0.5720121963665505 0.6911671393896694 0.053489546858981406 0.1122599795632446
1 0.4356569399065971 0.13974542372496515 0.05341681167662043 0.106704424007689
1 0.40354362740712946 0.4469954423187468 0.058794860435462934 0.12015264418623575
1 0.545212906915324 0.19519871149533113 0.05642058637268524 0.09773631907777998
1 0.4586294290157636 0.5704098423725881 0.04736077216291671 0.12093693016380337
1 0.34599695212861087 0.5115440052278686 0.06337282218833333 0.07248975325367113
1 0.6514503489113425 0.22599167931660571 0.04719105673740742 0.1079739672008404
1 0.6980465307122915 0.2429206606726486 0.052472125253101846 0.1140147799719797
1 0.4838169281283102 0.04468254619256595 0.047142566615833444 0.0893650923851319
1 0.5194392423380787 0.05795575992311001 0.039729674645231465 0.09433164413606024
1 0.4210112520269443 0.30479892993125496 0.04823272340407409 0.10807101864395716
1 0.45798911227284705 0.42065247098037994 0.04842668389037049 0.12288583345877198
1 0.3685399977210183 0.3392811317167217 0.05344105673740742 0.10855627585954089
1 0.6274157966069442 0.5519097308098979 0.05465243882958338 0.12161629026562061
1 0.5885762923634953 0.10145331323428823 0.047021341311898134 0.09501100423787742
1 0.6095884153376155 0.3639874191358596 0.06080545858643518 0.1147911915169137
1 0.6976200647805785 0.47415951354633823 0.04728803698055562 0.11538137460824782
1 0.5482907232145138 0.07931239358991528 0.03461832155504633 0.10125379432788392
1 0.5753013213654861 0.08234461162443552 0.04845092895115736 0.12473768531062382
1 0.4224737234686803 0.5904247838267823 0.03156605673740742 0.10651819555408919
1 0.5364037465815275 0.5104502578041713 0.05969105673740766 0.10913858451824117
1 0.5549502764063656 0.285846338009272 0.05448272340407409 0.10865332730265764
1 0.623386832510486 0.14444986046461525 0.039875145009953886 0.10544275524717138
1 0.6504303144639348 0.4628346134674093 0.03481228204134273 0.11606860914269869
1 0.3987738825359026 0.215315920734715 0.040868321555046334 0.10183610298658437
1 0.4011680469235877 0.5887106347069718 0.030621370313888955 0.11382855151837985
1 0.5384480994821524 0.7516316672552543 0.04871762461981485 0.1451080556809942
1 0.6710211971893979 0.47941210312359295 0.026624419072731578 0.12640330870887603
1 0.5903305754818516 0.2853243667210805 0.044114546858981404 0.11138651657519387
1 0.49376901937773127 0.42934123322988926 0.04627061537467606 0.11713617501698292
