1 0.4472416679080179 0.27260739835862247 0.056278566307920504 0.12366844304459093
1 0.5465624382416966 0.30474146108308126 0.06681508795124623 0.08919460686757108
1 0.5643406741117679 0.38282200667630945 0.06880138847510509 0.08562023934717015
1 0.612355809623093 0.34221355228210326 0.06349602233229727 0.08159319518520941
1 0.6562370756833444 0.39965624389856813 0.06478027102265026 0.09091712253612017
1 0.6447644591960509 0.45922708221306513 0.06875287207036772 0.08376838749531819
1 0.7138412269104353 0.47093491771528967 0.060516571546509114 0.08695474646581082
1 0.7044519437564749 0.5306350922130896 0.06301085828492509 0.0630746766666911
1 0.6904236770072519 0.5881924084466063 0.07342752495159174 0.06372135758320475
1 0.691439649436366 0.6290624853706498 0.0755593746896622 0.06570254561835959
1 0.6799556218654801 0.6691565451948767 0.0644891725942268 0.07980601142500905
1 0.6556319794614336 0.7214375508822499 0.06150972180843842 0.08516756270561035
1 0.6086941799027361 0.7806615259324516 0.06221177364194451 0.07226926783429867
1 0.6054935332252623 0.8630042652482077 0.06553083926089348 0.07987067951666034
1 0.6266151701145304 0.5944328400410569 0.058481754617912905 0.08867726213436
1 0.48328473973071684 0.3703704881200941 0.06587045409405405 0.0928336424796233
1 0.4570846767310621 0.39471204580056113 0.06349602233229738 0.08159319518520941
1 0.4452610343270155 0.4477690685877509 0.06240583926089348 0.07967667524170619
1 0.4174014385178864 0.4757173278344446 0.06632992390387393 0.07067608834905256
1 0.4027610497665914 0.37742808209997447 0.07878140749913669 0.06960025359701724
1 0.4050127544813211 0.410955419708262 0.06499715880878382 0.05950030914629007
1 0.5053866025652588 0.4626309290146423 0.062308806451418994 0.07597297153800257
1 0.49235148607796525 0.5221047651916624 0.07551085828492485 0.06385069376650773
1 0.4522687055432993 0.5984480835500905 0.0741067546179129 0.08964728350913068
1 0.31653524621065654 0.6419577515789137 0.07236303611774027 0.10248091028879087
1 0.35410658478257845 0.681387508007052 0.06478027102265026 0.09091712253612017
1 0.46625412283064155 0.7217373292845606 0.06434362338001497 0.0742504558694535
1 0.4282675227480851 0.7778072794100954 0.07073917259422681 0.08019401997491737
1 0.48088310049834415 0.8005497965287606 0.06325344030861117 0.07233393592595037
1 0.4611385142012308 0.8373487338419986 0.07124715880878381 0.05988831769619849
1 0.47140819561850184 0.883430453220534 0.07405823821317578 0.08779543165727882
1 0.5328722730925709 0.727727939002101 0.06298803611774026 0.10189889746392851
1 0.5752067583419667 0.6849119582519603 0.0655793556656306 0.08172253136851218
1 0.5739011235196131 0.6152735095325618 0.06795378742738739 0.09296297866292606
