1 0.5278003013549525 0.2811134833270955 0.04458751640707088 0.117908559222483
1 0.4329384346355243 0.3103957195871341 0.05556089926976213 0.08910895858027659
1 0.3657261986893855 0.3388997933572781 0.05415551975011409 0.06681127917737954
1 0.3241161430458941 0.39614214849614476 0.05966694712759863 0.08570708359927216
1 0.33137349252249065 0.4624865466822841 0.06273132831876846 0.08222975143759291
1 0.26135450532271054 0.4713198044659591 0.050110090701107876 0.07391685786208747
1 0.27297553259467205 0.5259289943377609 0.05734113855894438 0.07074135442310771
1 0.2895775726668534 0.5948043590018256 0.05811002058587486 0.05415014493711586
1 0.28589184868517376 0.6288372467190604 0.07076156760795047 0.06431489036447315
1 0.3019371725613304 0.6680075245728206 0.06895101891435332 0.08083064266979018
1 0.32455631864212214 0.7197053111380045 0.06576540010552302 0.07690056742406182
1 0.3652379296652974 0.782908783550183 0.05418582915452923 0.06866313102923119
1 0.374811506466617 0.867034417280602 0.07106466165210179 0.08283340888299166
1 0.4006115743383751 0.6288042032599589 0.06138656760795058 0.06363577573839957
1 0.4013102563125442 0.6816951668087488 0.060435829154529115 0.06911587411328052
1 0.4412381400109964 0.72723058944766 0.0577351608163409 0.09481542849718178
1 0.4755837070469937 0.47664106990945243 0.06165935224768664 0.08030244240506625
1 0.48196609158120673 0.5327248257297318 0.061235020585874975 0.05437651647914032
1 0.520812417964646 0.6124817790375647 0.06386392319868044 0.08786076417382328
1 0.5609700643092452 0.48468041057664063 0.06879947189227759 0.07157138341053092
1 0.5765081438816549 0.42740347777275495 0.06745471118145994 0.05297740771133758
1 0.5786919866721649 0.3895537005808043 0.06117440177704481 0.05067281277543672
1 0.662975182018507 0.6561527461233505 0.06898132831876845 0.08268249452164203
1 0.6210564588725881 0.7003944097089166 0.05856466165210179 0.08192792271489385
1 0.5450466672829578 0.7885177398091845 0.06579570950993817 0.07875241927591366
1 0.4919575501456493 0.814336781814735 0.06442063939470515 0.058306591724868684
1 0.5081089569372589 0.8470255781870139 0.06334866332362334 0.056379282692341805
1 0.5017281380756671 0.886425378508117 0.06763656760795059 0.06408851882244848
