1 0.45333952705285113 0.7771856084600292 0.05704997867599957 0.12396772871504413
1 0.49454632972630536 0.6895573631492893 0.0695378577869692 0.12250376719493017
1 0.41139480972842646 0.6591936498265903 0.07025226044981801 0.07253609138924183
1 0.4168576817313961 0.6204663819092591 0.07025226044981801 0.07253609138924183
1 0.42920653551348675 0.56435662866236 0.07756816889454517 0.07646606445312593
1 0.5550353568321845 0.7599668470350314 0.06415983200721177 0.09641622029744676
1 0.6250027763897904 0.7352807162020509 0.0599931653405451 0.09628692352020073
1 0.5737675403936084 0.6836806685836311 0.0714636195629088 0.09849434150947942
1 0.6716963279493053 0.6848672909970615 0.06626740711860558 0.10018457238977337
1 0.6654042697326688 0.6115090355858885 0.06516513600678758 0.09089298893620286
1 0.7352141177328808 0.6108969788269822 0.06618256089539377 0.08722160942681041
1 0.7277894861818504 0.5513952881103865 0.06099846934012092 0.09076369215895662
1 0.7120254608529712 0.4925609297652248 0.06721210667302983 0.08540208176927022
1 0.7211644684118499 0.44931716689835405 0.08068104800551482 0.07471118518420886
1 0.7063390821928801 0.40625587348824455 0.06200377333969674 0.08524046079771273
1 0.6853546026416375 0.3491117460233771 0.06407498578399971 0.08345325733448379
1 0.6409871670910313 0.2829069908531671 0.06090150222787874 0.07594887734414181
1 0.6496284884097288 0.4748807373657931 0.06205225689581795 0.09264786820512014
1 0.5998163621896986 0.4446254723351368 0.06210074045193892 0.10005527561252744
1 0.5986780933057588 0.37976217122885475 0.07031286489496959 0.08179535064850109
1 0.5609663426426982 0.33136011591426223 0.07040983200721176 0.0966101654633159
1 0.5149864639560929 0.591097448767134 0.06623104445151486 0.09462901683421802
1 0.5122432719605473 0.5326671428508661 0.07243256089539377 0.08741555459267955
1 0.4701591644122742 0.43597148051372364 0.08608331556333297 0.10450243578539598
1 0.3371046115266377 0.38924139104925726 0.08404846578612085 0.11184519480418037
1 0.3686818755304557 0.3402111168786027 0.0693196817844239 0.08917043386159694
1 0.45776292175897054 0.260551265987674 0.08402422400806024 0.10814149110047666
1 0.5146549639826069 0.24379441605913302 0.07445528978357553 0.07822094372204341
1 0.4972738946530916 0.19324490475583722 0.07433408089327251 0.059702425203524895
1 0.513080707988546 0.16595198989273216 0.08284922756206044 0.08773879653579483
1 0.6400185906535157 0.19211776382095913 0.07032498578399972 0.08364720250035294
