1 0.6017291666666666 0.18051851851851852 0.04558333333333332 0.08972222222222226
1 0.53721875 0.5695370370370371 0.052104166666666646 0.0948333333333334
1 0.43076041666666665 0.3494259259259259 0.04665624999999996 0.0977592592592593
1 0.4438020833333333 0.18546296296296297 0.048093749999999956 0.09901851851851852
1 0.4847916666666666 0.21094444444444443 0.04887499999999996 0.09664814814814815
1 0.6108020833333333 0.4465740740740741 0.05670833333333339 0.08846296296296298
1 0.6583645833333333 0.3112037037037037 0.0411770833333333 0.09522222222222225
1 0.46330208333333334 0.6158333333333333 0.04220833333333331 0.1117407407407408
1 0.41230208333333335 0.4847222222222222 0.052833333333333364 0.11340740740740743
1 0.5519999999999999 0.265 0.05080208333333332 0.08907407407407408
1 0.7014895833333333 0.3375370370370371 0.04543749999999989 0.102962962962963
1 0.5929895833333333 0.36312962962962964 0.042291666666666575 0.10492592592592598
1 0.69421875 0.5649814814814814 0.0413333333333334 0.10687037037037043
1 0.5691041666666667 0.7544074074074074 0.05087499999999991 0.10138888888888889
1 0.3753958333333333 0.36546296296296293 0.04442708333333331 0.09907407407407408
1 0.4614270833333334 0.46974074074074074 0.04192708333333333 0.11355555555555555
1 0.35165624999999995 0.5325 0.06451041666666661 0.07157407407407403
1 0.42565625 0.6277222222222223 0.026010416666666696 0.10274074074074077
1 0.6279375 0.22685185185185186 0.03918749999999989 0.09564814814814813
1 0.5557708333333333 0.3535555555555555 0.04244791666666667 0.10592592592592591
1 0.5590208333333333 0.14833333333333332 0.034250000000000114 0.09777777777777778
1 0.48975 0.0973888888888889 0.04630208333333338 0.09625925925925924
1 0.40889583333333335 0.2563888888888889 0.04220833333333331 0.09866666666666664
1 0.6284062499999999 0.6264259259259259 0.05345833333333327 0.11479629629629631
1 0.5284687499999999 0.11983333333333332 0.033927083333333385 0.0879074074074074
1 0.405875 0.6316111111111111 0.026041666666666668 0.112425925925926
1 0.5357187499999999 0.8095185185185185 0.041666666666666664 0.1428518518518518
1 0.6499270833333333 0.5363703703703704 0.026041666666666668 0.0992037037037038
1 0.6677812500000001 0.577388888888889 0.023062500000000104 0.10714814814814817
1 0.5803541666666666 0.14946296296296296 0.025302083333333295 0.10581481481481483
1 0.4947916666666667 0.4880925925925926 0.03571874999999996 0.12962962962962962
