1 0.6011979166666667 0.18094444444444444 0.046718749999999906 0.08742592592592593
1 0.451125 0.5637407407407408 0.04634375000000001 0.08199999999999995
1 0.44277083333333334 0.18862962962962962 0.0457395833333333 0.096
1 0.46378125000000003 0.6158148148148148 0.036593749999999994 0.10464814814814813
1 0.42685416666666665 0.34720370370370374 0.0496979166666667 0.10116666666666665
1 0.6132395833333334 0.4445185185185184 0.05503124999999993 0.08679629629629625
1 0.5358229166666667 0.5698333333333333 0.04902083333333328 0.0918703703703704
1 0.48252083333333334 0.21231481481481482 0.046104166666666654 0.09735185185185184
1 0.6926145833333333 0.5632777777777778 0.04013541666666664 0.10687037037037043
1 0.5932604166666666 0.36366666666666664 0.040187499999999925 0.10037037037037035
1 0.4623125 0.46381481481481485 0.0390625 0.10014814814814813
1 0.5565520833333333 0.35283333333333333 0.04498958333333339 0.1000740740740741
1 0.5513541666666666 0.2659259259259259 0.04867708333333335 0.08514814814814815
1 0.3519375 0.5407962962962962 0.05871875000000001 0.05896296296296302
1 0.627875 0.6283518518518518 0.04118749999999996 0.11074074074074065
1 0.6562812499999999 0.31222222222222223 0.03893750000000011 0.09401851851851849
1 0.4234583333333333 0.5378703703703703 0.030156250000000048 0.09148148148148144
1 0.5271666666666666 0.12100000000000001 0.035145833333333286 0.08588888888888888
1 0.37477083333333333 0.3677037037037037 0.04314583333333329 0.09735185185185184
1 0.6992083333333333 0.33666666666666667 0.04444791666666674 0.10187037037037035
1 0.6249687500000001 0.22842592592592592 0.035395833333333356 0.09414814814814813
1 0.5690937500000001 0.7546666666666666 0.04937500000000009 0.10174074074074084
1 0.48913541666666666 0.0975 0.042697916666666676 0.09375925925925928
1 0.555375 0.15007407407407408 0.030739583333333324 0.09388888888888891
1 0.42553124999999997 0.6293888888888889 0.024916666666666625 0.09703703703703699
1 0.4058541666666667 0.48605555555555563 0.04667708333333328 0.0992962962962963
1 0.6017395833333333 0.5593888888888888 0.03585416666666674 0.0919999999999999
1 0.4085104166666667 0.2556296296296296 0.03832291666666663 0.0941296296296296
1 0.65115625 0.5407592592592593 0.030375000000000086 0.1007962962962962
1 0.405875 0.6402037037037037 0.024552083333333384 0.12168518518518526
1 0.5334791666666666 0.7989444444444445 0.04613541666666663 0.12698148148148158
1 0.49405208333333334 0.4867777777777778 0.043156249999999945 0.108462962962963
1 0.5770104166666666 0.14153703703703704 0.02902083333333323 0.11375925925925927
1 0.6692708333333334 0.5667962962962962 0.021572916666666705 0.112425925925926
