1 0.45208333333333334 0.5676387743295456 0.05 0.0894060293165294
1 0.434375 0.18875191672438588 0.051041666666666666 0.10237976603840153
1 0.4041666666666667 0.4921431814197235 0.04895833333333333 0.09865451481687959
1 0.5947916666666667 0.17189255707788056 0.05 0.0931097330202331
1 0.5385416666666667 0.5676070703930813 0.052083333333333336 0.1060942435010144
1 0.47552083333333334 0.20491822094203907 0.051041666666666666 0.10793532159395709
1 0.575 0.7559471149178655 0.053125 0.10795686911177553
1 0.5916666666666667 0.3570454209863382 0.041666666666666664 0.10969020961562632
1 0.6953125 0.5571914840718754 0.04479166666666667 0.11712993829976123
1 0.5182291666666666 0.11554513024250052 0.0375 0.09112859606147113
1 0.46458333333333335 0.6214717631401594 0.040625 0.10967943585671715
1 0.4588541666666667 0.46678287783652933 0.04583333333333333 0.10417774909570754
1 0.7 0.32205478080178146 0.052083333333333336 0.10794609535286626
1 0.3734375 0.3733068370133843 0.04791666666666667 0.10234744476167403
1 0.4270833333333333 0.6377505744860957 0.027083333333333334 0.1039838214353423
1 0.5458333333333333 0.25842322744618634 0.053125 0.09499390614881235
1 0.5510416666666667 0.35014376290739885 0.04583333333333333 0.1060296009475594
1 0.6125 0.43874237764600327 0.05625 0.09687807927739182
1 0.42291666666666666 0.5469667387097182 0.0375 0.09668415161702679
1 0.42083333333333334 0.3487970430437518 0.05 0.10236899227949237
1 0.3489583333333333 0.5443499499753148 0.05520833333333333 0.06168212033329736
1 0.6213541666666667 0.21753765830043495 0.042708333333333334 0.10229357596712808
1 0.63125 0.6259733423434054 0.046875 0.11715148581757957
1 0.6505208333333333 0.3030245087350771 0.041666666666666664 0.09857909850451521
1 0.6041666666666666 0.5590265579451001 0.04791666666666667 0.10234744476167403
1 0.546875 0.14269326046435474 0.03229166666666667 0.09663028282248073
1 0.48541666666666666 0.09298353461463925 0.042708333333333334 0.10229357596712808
1 0.653125 0.5363847764656833 0.03333333333333333 0.10590031584064936
1 0.40520833333333334 0.6338206218452993 0.030208333333333334 0.11142355011947731
1 0.5447916666666667 0.8121161573909808 0.04375 0.12637842380011122
1 0.6713541666666667 0.5578696135428903 0.026041666666666668 0.11508415878754434
1 0.4 0.2532111974951979 0.03854166666666667 0.10410233278334326
1 0.5739583333333333 0.1411215263441415 0.029166666666666667 0.11882018376797544
1 0.49270833333333336 0.48750339537144793 0.036458333333333336 0.12445115563589529
