1 0.48575 0.2115925925925926 0.048624999999999946 0.09679629629629631
1 0.3535729166666667 0.536611111111111 0.054322916666666644 0.06672222222222217
1 0.44508333333333333 0.1877777777777778 0.048729166666666636 0.09699999999999999
1 0.41300000000000003 0.5005 0.049874999999999996 0.07649999999999996
1 0.61334375 0.44253703703703706 0.05334375000000004 0.10001851851851855
1 0.5988020833333334 0.17633333333333334 0.0460208333333334 0.08614814814814817
1 0.59453125 0.36450000000000005 0.041958333333333306 0.10101851851851854
1 0.554 0.2651851851851852 0.05008333333333332 0.08687037037037033
1 0.70465625 0.33675925925925926 0.04339583333333342 0.10248148148148144
1 0.43059375 0.3495925925925926 0.04357291666666671 0.09787037037037041
1 0.4955208333333333 0.09742592592592593 0.044614583333333374 0.09187037037037035
1 0.5720624999999999 0.757537037037037 0.052500000000000095 0.09903703703703708
1 0.465625 0.6192592592592592 0.041104166666666705 0.1206666666666666
1 0.5615208333333332 0.3526111111111111 0.03962499999999996 0.09768518518518518
1 0.6313854166666667 0.628 0.046822916666666714 0.1132962962962962
1 0.37772916666666667 0.367462962962963 0.04552083333333338 0.09437037037037033
1 0.5617708333333333 0.1491851851851852 0.03316666666666658 0.09381481481481481
1 0.46512499999999996 0.4671851851851852 0.04224999999999994 0.10918518518518515
1 0.5387187499999999 0.5710185185185186 0.05128125000000002 0.0941851851851852
1 0.6562187500000001 0.3158888888888889 0.038156250000000114 0.09298148148148144
1 0.6957291666666666 0.5698148148148148 0.043239583333333324 0.11816666666666678
1 0.531625 0.11859259259259261 0.03516666666666666 0.0885185185185185
1 0.41034375 0.25362962962962965 0.03825000000000003 0.09785185185185183
1 0.4055104166666667 0.6369074074074074 0.025302083333333295 0.1256666666666667
1 0.42745833333333333 0.6342592592592593 0.021572916666666705 0.112425925925926
1 0.5424062500000001 0.8128333333333333 0.04017708333333333 0.12831481481481474
1 0.6506666666666666 0.5443148148148148 0.026041666666666668 0.11772222222222231
1 0.6703854166666667 0.5720925925925926 0.022322916666666734 0.11772222222222231
1 0.6283437500000001 0.22420370370370368 0.03051041666666663 0.10450000000000001
1 0.5863125 0.14616666666666667 0.03125 0.10979629629629628
1 0.49628125 0.47883333333333333 0.02976041666666672 0.12962962962962962
