1 0.48660416666666667 0.1965740740740741 0.050520833333333334 0.10027777777777776
1 0.57496875 0.7581111111111111 0.050166666666666755 0.1035925925925927
1 0.44454166666666667 0.17522222222222222 0.048291666666666684 0.10385185185185182
1 0.6629270833333333 0.3025925925925926 0.03910416666666663 0.1007407407407407
1 0.5629791666666667 0.3431296296296296 0.04254166666666658 0.10168518518518523
1 0.5321354166666666 0.10551851851851851 0.03802083333333333 0.08855555555555557
1 0.49485416666666665 0.07800000000000001 0.04572916666666664 0.09525925925925927
1 0.7059791666666667 0.3306296296296296 0.05236458333333331 0.10937037037037037
1 0.35134375 0.5326851851851852 0.059375 0.05862962962962957
1 0.46515625 0.6146296296296296 0.04241666666666669 0.11938888888888893
1 0.6325416666666667 0.6252962962962964 0.049875000000000114 0.11529629629629629
1 0.6002604166666666 0.16414814814814815 0.0460208333333334 0.09077777777777779
1 0.6574479166666667 0.5412777777777779 0.03092708333333339 0.10490740740740737
1 0.6176145833333333 0.4377777777777778 0.055802083333333266 0.09700000000000004
1 0.5412291666666668 0.5673148148148148 0.053697916666666616 0.09488888888888891
1 0.5835625 0.1344074074074074 0.03317708333333324 0.10009259259259258
1 0.5601770833333333 0.13505555555555557 0.03154166666666664 0.10353703703703702
1 0.7035208333333334 0.5630185185185185 0.04696874999999991 0.10683333333333343
1 0.6346666666666666 0.2141111111111111 0.0355625000000001 0.09879629629629631
1 0.3772604166666667 0.36448148148148146 0.05397916666666672 0.09768518518518518
1 0.4986041666666667 0.4829814814814815 0.03619791666666667 0.10896296296296303
1 0.6022083333333333 0.3567037037037037 0.04332291666666658 0.10416666666666667
1 0.40847916666666667 0.24868518518518518 0.04910416666666665 0.11640740740740743
1 0.4624270833333333 0.3895555555555556 0.039437500000000014 0.05951851851851849
1 0.4639166666666667 0.459 0.04538541666666672 0.1111111111111111
1 0.4010416666666667 0.628962962962963 0.03273958333333328 0.10714814814814817
1 0.4267083333333333 0.6283148148148149 0.023062499999999986 0.11640740740740743
1 0.5416666666666666 0.8121666666666667 0.04613541666666663 0.13757407407407402
1 0.6770833333333334 0.5615 0.020833333333333332 0.12831481481481474
1 0.37909375 0.9695740740740741 0.04389583333333332 0.060851851851851775
