1 0.5090762422737981 0.2504919712850583 0.04308161465389257 0.08417371497276728
1 0.4811010089707504 0.3509007392790249 0.05125117367696639 0.07879054539453137
1 0.4153601820447094 0.3004368032628101 0.06150406603337354 0.07345047231062563
1 0.40158171264936643 0.3789034762476991 0.059698119252162486 0.04750299813753471
1 0.35237328848228733 0.35101730853192864 0.05882022689575533 0.05303700544592529
1 0.3113727924775499 0.415949990003983 0.06155865747012671 0.07530232416247747
1 0.3246481460129854 0.4782994766249121 0.060571582240213216 0.07713262776716445
1 0.25773803256510774 0.5028570888558623 0.05963909844705289 0.08081478322370307
1 0.2686275851808893 0.5577452974514716 0.061121925976101346 0.06048750934766266
1 0.2834927344347014 0.6192011805172222 0.06265934494190309 0.0420120873234741
1 0.28081110998126146 0.6571318211094378 0.07323978591882926 0.04778312535067926
1 0.3004980231427783 0.6964516749416261 0.054212399366706875 0.07329963458047085
1 0.3274493072525852 0.736848292429895 0.06189063545900216 0.051249798335568274
1 0.37586615558674324 0.7915863119975174 0.06101274310259512 0.056783805643958955
1 0.3841537562200364 0.8640240166913894 0.06490645258549582 0.047610739373359405
1 0.34851279926206014 0.6057223570266356 0.05163331373423859 0.09175350835749432
1 0.40021399253812123 0.6197627323478472 0.05952991557354655 0.07711107951999936
1 0.4057041417919334 0.6810246811891131 0.06194522689575545 0.05310165018742013
1 0.447539012137216 0.7115377889525066 0.060899130860732245 0.08824373887827555
1 0.502783499925639 0.7821673869910245 0.05438060304532281 0.043691553198006106
1 0.5191521283743413 0.8103007108470243 0.05646393637865614 0.043734649692336064
1 0.5137025629439752 0.8537330363768829 0.06189063545900216 0.051249798335568274
1 0.5529428448675419 0.7424394138670374 0.06671239936670688 0.07355821354645042
1 0.5208769075086603 0.5750077844260143 0.0646836574701266 0.07536696890397251
1 0.625379981532559 0.6364649648961006 0.0564595070102996 0.07889828663035638
1 0.6614746117902838 0.5788427237192113 0.06791784034363293 0.07913531734917106
1 0.47706345733519423 0.5055411430322371 0.06682601160856964 0.04209828031213402
1 0.46820264661599287 0.45254788278280944 0.0676448831598672 0.0698760580899118
1 0.5513699909548885 0.4422239313953876 0.06353280792995382 0.07164171695310373
1 0.5605177664711628 0.3794118061625795 0.06463349540173008 0.03835148011410036
1 0.5615550037694731 0.3442266209773943 0.06046682873506341 0.03826528712544043
