1 0.4905668070496695 0.7943726639791031 0.05592346578612085 0.11040131635900273
1 0.43912807020475836 0.21958879515292073 0.056989374230848 0.11412656830987142
1 0.5304830999363666 0.8222467601669554 0.05490604089751479 0.11408347181554156
1 0.32168420706027506 0.6589961393781048 0.04549467823042382 0.10833398203550107
1 0.42391299106197194 0.6346621889337152 0.04967346578612085 0.11027202687601284
1 0.43899182126566977 0.8769100095716683 0.04438028622957546 0.0972013226772253
1 0.4741781910407608 0.9113625543532443 0.051708315563332975 0.10290771596293562
1 0.2812895039518507 0.6246513358323532 0.0591090702312723 0.11972522035975704
1 0.6462368288510623 0.4819350382630106 0.06296059378315136 0.07166326520026861
1 0.5390970381922439 0.3813875040668074 0.04978255378739362 0.12693869354267961
1 0.37374475819542546 0.34314700869937115 0.05706209956502993 0.12523767942098252
1 0.375389915048821 0.8078648564019436 0.05168407378527237 0.09920401225923191
1 0.34302128707830454 0.42247561157085906 0.03822725334181776 0.11188684800905001
1 0.37563342751433526 0.5319712528467652 0.06214922400806024 0.10682690213828891
1 0.46023908930088026 0.41542180413517016 0.06005376978569667 0.1049319537921071
1 0.3902819661574575 0.839959814225459 0.039232557341393574 0.10635284070065953
1 0.41265355771273027 0.8432002306151157 0.038215132452787515 0.11003499615719815
1 0.29842355463612263 0.3937725565693232 0.05387649511987836 0.11591377542022832
1 0.34398876883091184 0.7520405964589939 0.04130376978569667 0.10454408534313744
1 0.6097595843942448 0.6447047157036566 0.06007801156375715 0.1086356574958108
1 0.4971391052938806 0.5063127339038979 0.043459828453211696 0.11569829294857872
1 0.38601942706345677 0.6160042555107922 0.05072725334181787 0.11214542697502979
1 0.5715444519414573 0.754739711860855 0.05603255378739362 0.1270679830256696
1 0.526692910619578 0.6056878347361137 0.043144685338423965 0.06755014480043058
1 0.5297516106248807 0.5361895196737567 0.05285907023127242 0.11959593087676694
1 0.6031716590812741 0.37821043501430973 0.03928104089751467 0.11376024810806695
1 0.578208021748365 0.37317203739071353 0.02995452445363611 0.12097372129098963
1 0.47589548620836425 0.1716123842799245 0.054070429344363194 0.14554340504985797
1 0.3249436315245166 0.39970455774809793 0.028985583121151137 0.13206328415493565
1 0.6475530399957578 0.042152545818943225 0.04732347289412099 0.06948818964094225
