1 0.48666666666666664 0.19707407407407407 0.0505833333333334 0.09946296296296298
1 0.5748229166666667 0.7582407407407408 0.0503749999999999 0.10405555555555544
1 0.44447916666666665 0.1751296296296296 0.047885416666666694 0.10300000000000001
1 0.6626458333333333 0.3027222222222222 0.03878125000000002 0.09983333333333338
1 0.5321666666666667 0.10577777777777778 0.03817708333333337 0.08962962962962961
1 0.5629270833333333 0.3435185185185185 0.042822916666666565 0.10344444444444446
1 0.7053854166666667 0.33014814814814814 0.05066666666666677 0.10894444444444441
1 0.4646770833333333 0.6147407407407407 0.0411770833333333 0.11837037037037029
1 0.35119791666666667 0.5328148148148149 0.05916666666666662 0.05818518518518511
1 0.6176666666666667 0.4372222222222223 0.05681249999999996 0.09911111111111114
1 0.6324166666666666 0.6246851851851851 0.05045833333333339 0.11611111111111119
1 0.49471875 0.07837037037037037 0.046499999999999986 0.09620370370370371
1 0.58421875 0.14555555555555555 0.03940624999999993 0.12220370370370372
1 0.6061354166666667 0.17003703703703701 0.048604166666666754 0.09003703703703704
1 0.65728125 0.5417592592592593 0.030479166666666658 0.10616666666666674
1 0.54103125 0.5680000000000001 0.05465625000000003 0.0941666666666667
1 0.6350416666666666 0.21412962962962961 0.036156250000000036 0.09896296296296296
1 0.7038541666666667 0.5631111111111111 0.04738541666666667 0.10581481481481479
1 0.5602083333333333 0.13514814814814816 0.03213541666666657 0.1048148148148148
1 0.37659374999999995 0.3647037037037037 0.05256250000000004 0.09740740740740746
1 0.42624999999999996 0.6285555555555555 0.025937499999999978 0.10107407407407415
1 0.49886458333333333 0.483 0.03703124999999995 0.11049999999999997
1 0.4047604166666667 0.6269814814814815 0.022322916666666616 0.12168518518518526
1 0.5420416666666666 0.8135 0.04389583333333338 0.12962962962962962
1 0.4676354166666667 0.4675925925925926 0.036458333333333336 0.09127777777777776
1 0.4598229166666667 0.39881481481481484 0.03422916666666668 0.056870370370370335
1 0.4092291666666667 0.2493333333333333 0.041666666666666664 0.10979629629629631
1 0.5970937500000001 0.3531666666666667 0.037947916666666734 0.10846296296296296
1 0.6789479166666667 0.5661296296296295 0.021572916666666705 0.1111111111111111
