1 0.6873470745135067 0.6347635910972427 0.05246620867417728 0.09126335496081436
1 0.4723536877801568 0.37255674147991913 0.04931089926976225 0.08915274895036378
1 0.6837817117090751 0.35319585822956173 0.0576442326030957 0.08984276003996002
1 0.4435204245620564 0.39534215066387646 0.06153811463002607 0.07352109891809151
1 0.5946944757629361 0.3271938927231888 0.06089047022075604 0.09750892160596604
1 0.5385857523088717 0.6591345763608133 0.0527086839094982 0.10607816977562919
1 0.4690795828711149 0.5230311241040165 0.055651827483007565 0.09522581282311648
1 0.6703349810413087 0.42384782208079963 0.05868589926976213 0.08992901142615956
1 0.4715578149022573 0.8019073305801193 0.06270101891435331 0.08101475771169846
1 0.5844095043982737 0.6228889822675265 0.05853435224768665 0.0806697521669003
1 0.5284617220020125 0.39109044046639213 0.0585040428432715 0.07881790031504844
1 0.5906403419104111 0.557470407749315 0.058655589865347225 0.0880771595743077
1 0.6395077470304992 0.5478610370423812 0.0514851608163409 0.09488080727831832
1 0.4861561157295945 0.19617671930072655 0.037144302718328484 0.10848810268633977
1 0.4347524890907713 0.6881300853511371 0.06481466165210178 0.08303911233594939
1 0.6128360327698037 0.7345784608083272 0.05534873343885636 0.07670729430459797
1 0.48719064326536365 0.32311482253877793 0.053022924870202104 0.061719976717384176
1 0.7211629162044483 0.5021582886437291 0.05004947189227759 0.07072048181804491
1 0.5832680175066394 0.2344947623735659 0.05755330438985027 0.08428720448440451
1 0.5989593969819492 0.8108291059082205 0.05969725653201389 0.08816341096050724
1 0.6598888814106393 0.6778331192653709 0.055257805225610926 0.07115173874904242
1 0.36473506756361257 0.5845202918879474 0.0608601608163409 0.09565706975411441
1 0.7346551109788372 0.434284102570269 0.05546997105651694 0.08411470171200537
1 0.7047786154214489 0.5526555105900955 0.05513656760795058 0.063744331341635
1 0.43562814326536364 0.32738426615565486 0.0559963778481265 0.05271947161672343
1 0.5163931927947217 0.29102702840246153 0.059757875340843945 0.09186711466421095
1 0.47412923005147506 0.6403649625380105 0.054216138558944256 0.07106548736284309
1 0.64627770392342 0.2923257678576565 0.05534873343885636 0.07670729430459808
1 0.48442309342786 0.7275947887182774 0.05823125820353544 0.06215123364838178
1 0.4298439312481431 0.2926303379014674 0.07057971118145984 0.053926991023517015
1 0.33971590507575 0.5216892589557218 0.07431089926976225 0.09122278221915268
1 0.5153085041344662 0.4478103897356414 0.06380330438985027 0.0848047128016017
1 0.7095817795808332 0.5911993939341863 0.06549261546578695 0.06090314149992672
1 0.4698341866362503 0.7603269152996522 0.06528044963488118 0.04794017853696375
