1 0.5819693070092815 0.7879873559472477 0.053042335752131464 0.10343573737311608
1 0.4693105722246694 0.7303349336274685 0.05494379007769522 0.09424112650247994
1 0.5399388823270759 0.7707618052011896 0.051927917482356874 0.09969970947510091
1 0.5963161755544413 0.48365333045446945 0.05616733575213147 0.10353270995605066
1 0.6535946106427114 0.42813947186932094 0.06377315305438672 0.06675426647350567
1 0.43000171686980815 0.8251302578212919 0.04858466267303344 0.08849162578105522
1 0.3162087164478267 0.6832024141450977 0.05002646315679312 0.10889432034573705
1 0.5469345641808576 0.5166863732629036 0.050026463156793 0.10889432034573705
1 0.4008234560134896 0.560132973549716 0.05817791748235687 0.09989365464096986
1 0.46431385583338797 0.42289520202574965 0.05828704488701864 0.10544921019652541
1 0.4592312004167487 0.6417046382930718 0.04891204488701864 0.1051582924477219
1 0.3126306563171476 0.44798490476560104 0.051250008831229245 0.11818590379930788
1 0.37378475165965314 0.3775269345883917 0.054375008831229366 0.11828287638224234
1 0.42264555177797664 0.6363545036124933 0.0490211722916803 0.11071384800327745
1 0.6397900601872244 0.6008950432976831 0.052000669085464794 0.10340341317880462
1 0.5364832032575282 0.8866803290106438 0.04880291748235687 0.09960273689216634
1 0.4217774667849902 0.24725550746057956 0.058359796490126334 0.10915291390022912
1 0.5367146454891017 0.3678385685490101 0.048270512037444986 0.1254963386237806
1 0.3634474744633657 0.7002663439195982 0.04783400241879801 0.10327411640155838
1 0.574371720806896 0.3481402169381213 0.03328704488701864 0.10467342953304913
1 0.39832677936273997 0.7779356734053334 0.044672626617244166 0.10132529196677195
1 0.5871561335082022 0.6275435772075704 0.0477612508156902 0.09957041269785467
1 0.46950072648845503 0.8461403227568324 0.03522487501413636 0.09733067051426474
1 0.5007391543768763 0.8711126849505686 0.03931879007769522 0.09375626358780706
1 0.3552910417373483 0.47074984897005884 0.036375669085464676 0.10291855026413185
1 0.5127348273994289 0.5001443169854352 0.04068783895834708 0.1104552544487854
1 0.6138476082804587 0.7128789076552051 0.042589293283910715 0.10126064357814904
1 0.5962285329061191 0.3465354829316536 0.03354167549789603 0.1176363924960121
1 0.45130623200037795 0.18519083261727878 0.04834326364055267 0.12920004232748442
1 0.33608634421792455 0.4481835363195179 0.03056217870411165 0.12494682732048493
1 0.44609960229000895 0.8487194689806933 0.037635590561454775 0.11406198556955452
