1 0.48823958333333334 0.19764814814814818 0.05140625000000002 0.10094444444444445
1 0.5744062499999999 0.7523333333333333 0.048531249999999915 0.10451851851851862
1 0.4475 0.17475925925925928 0.04904166666666671 0.09792592592592592
1 0.41042708333333333 0.4771666666666667 0.05385416666666672 0.10929629629629627
1 0.5556666666666668 0.2508518518518519 0.05271874999999995 0.08794444444444446
1 0.46379166666666666 0.6105 0.04266666666666671 0.11261111111111122
1 0.35228125 0.5305925925925925 0.060010416666666684 0.06140740740740735
1 0.6613333333333333 0.30224074074074075 0.04295833333333334 0.09992592592592589
1 0.7072291666666667 0.32742592592592595 0.04842708333333334 0.10562962962962967
1 0.49743750000000003 0.08109259259259259 0.04318750000000004 0.0965185185185185
1 0.53225 0.1095 0.03653125000000005 0.0876851851851852
1 0.43046875 0.33840740740740743 0.04413541666666667 0.09955555555555554
1 0.4651666666666667 0.4597777777777778 0.04389583333333332 0.11446296296296296
1 0.37686458333333334 0.36233333333333334 0.049145833333333284 0.09912962962962968
1 0.6318125 0.6234444444444445 0.050166666666666755 0.1125555555555555
1 0.6006354166666666 0.16561111111111113 0.04372916666666669 0.08744444444444444
1 0.6171145833333332 0.4326111111111111 0.056541666666666636 0.10412962962962967
1 0.7031354166666667 0.5586851851851852 0.04261458333333342 0.1073148148148149
1 0.5608333333333333 0.1364074074074074 0.02972916666666663 0.09618518518518518
1 0.5872604166666666 0.14364814814814814 0.04393750000000007 0.1160925925925926
1 0.42702083333333335 0.6242037037037037 0.026687500000000006 0.10240740740740732
1 0.5414895833333334 0.5646851851851852 0.05537500000000003 0.09757407407407397
1 0.5638645833333332 0.34364814814814815 0.05025000000000001 0.1007037037037037
1 0.6343020833333333 0.21496296296296297 0.035312500000000094 0.0974259259259259
1 0.65603125 0.5391851851851852 0.030666666666666724 0.11131481481481484
1 0.40948958333333335 0.2445185185185185 0.03622916666666664 0.09531481481481478
1 0.405875 0.6183888888888889 0.026041666666666668 0.10979629629629623
1 0.5401770833333334 0.8062222222222223 0.04315625000000001 0.13624074074074063
1 0.6763437499999999 0.5595185185185185 0.022322916666666734 0.12168518518518526
1 0.5993333333333334 0.3498703703703704 0.039437499999999896 0.10450000000000001
1 0.5007395833333333 0.47618518518518516 0.041666666666666664 0.108462962962963
