1 0.484875 0.20457407407407407 0.049791666666666616 0.10250000000000002
1 0.428375 0.3432222222222222 0.048520833333333374 0.1037407407407407
1 0.6146666666666667 0.4417592592592593 0.053145833333333316 0.09718518518518522
1 0.5995104166666666 0.1706111111111111 0.04413541666666655 0.08396296296296298
1 0.44540624999999995 0.1822962962962963 0.04765625 0.09716666666666667
1 0.4514583333333333 0.5648148148148148 0.04750000000000002 0.08285185185185187
1 0.6322395833333334 0.630611111111111 0.04251041666666661 0.1088148148148148
1 0.54103125 0.5699629629629629 0.05127083333333336 0.09837037037037037
1 0.5608020833333334 0.14285185185185184 0.032791666666666684 0.09442592592592594
1 0.6000624999999999 0.5621666666666667 0.04267708333333336 0.09744444444444446
1 0.55390625 0.2597037037037037 0.050666666666666714 0.08955555555555558
1 0.5597708333333333 0.3511666666666667 0.04507291666666665 0.10183333333333335
1 0.46259374999999997 0.6183333333333333 0.03823958333333337 0.10405555555555565
1 0.4629375 0.46305555555555555 0.041864583333333275 0.10146296296296295
1 0.7071979166666666 0.33187037037037037 0.044083333333333266 0.10625925925925925
1 0.37477083333333333 0.3617777777777778 0.04432291666666662 0.10053703703703708
1 0.6568437500000001 0.31025925925925923 0.0378020833333333 0.09548148148148149
1 0.49411458333333336 0.08822222222222223 0.04580208333333336 0.09674074074074075
1 0.35167708333333336 0.5396296296296296 0.053895833333333344 0.05977777777777773
1 0.40745833333333337 0.4830925925925926 0.04962499999999999 0.10912962962962959
1 0.5961666666666667 0.3602222222222222 0.0438229166666666 0.10635185185185186
1 0.6299375 0.2227222222222222 0.039208333333333435 0.096
1 0.5706770833333333 0.7605000000000001 0.04970833333333336 0.09774074074074068
1 0.42334375 0.5376666666666666 0.031916666666666656 0.09305555555555556
1 0.4989895833333333 0.48566666666666664 0.03422916666666668 0.10855555555555556
1 0.6980208333333333 0.5670740740740742 0.0435937499999999 0.11344444444444443
1 0.53046875 0.11220370370370371 0.03636458333333336 0.09024074074074072
1 0.42578125 0.6305185185185186 0.02442708333333338 0.10094444444444443
1 0.40290625 0.6395555555555555 0.03051041666666663 0.12037037037037036
1 0.5405520833333333 0.817462962962963 0.04389583333333338 0.15344444444444447
1 0.6514166666666666 0.5377037037037037 0.027531250000000066 0.11507407407407405
1 0.6726145833333333 0.567462962962963 0.022322916666666734 0.1322777777777777
1 0.5822187499999999 0.1441851851851852 0.027531250000000066 0.11905555555555554
1 0.40438541666666666 0.24205555555555558 0.04240625000000004 0.10846296296296296
