1 0.4530073552518243 0.7927527423298238 0.04699700432854783 0.12231357951129793
1 0.5485925906413276 0.7728669663893036 0.057122753246410696 0.09354646374366371
1 0.6165645681845143 0.7516214546404215 0.054821231601474806 0.07115173874904242
1 0.6598274634765046 0.698676279993121 0.060229570887110624 0.09195336605041049
1 0.6537111950779794 0.6314489793161573 0.0643416904758766 0.0867428160396531
1 0.7240964245151803 0.6298635404772184 0.051768961038675815 0.07830039199785141
1 0.7136953041145371 0.5743282712924938 0.0580007786793755 0.0769660484631968
1 0.6987521425882955 0.5035900560550564 0.05887880411234032 0.060385633182729465
1 0.7032460917223662 0.4706017282665211 0.07146971590884116 0.07067990907638322
1 0.6880120124473211 0.42949314265871325 0.07059169047587659 0.08726032435685036
1 0.6661252851743941 0.37578688600357146 0.06638865909060954 0.08321161510834849
1 0.6271692432369186 0.3086204444391002 0.054839413960775116 0.07300359060089426
1 0.6196632072517455 0.22367117409024467 0.07271138852781055 0.09113653083295309
1 0.5881601074149998 0.4592190982396207 0.06207653354954109 0.0680517947487355
1 0.5886873958347064 0.40551539453591695 0.061107596320075196 0.07537295076994337
1 0.550079454817212 0.3559846712571381 0.059260633657644966 0.09927452207161835
1 0.5096130941579982 0.6019105697349291 0.06328184144990973 0.0848047128016017
1 0.5049502316036717 0.5459237572483759 0.06200380411234008 0.06064438734132809
1 0.46772033089989823 0.46222002609653734 0.06439623755377728 0.09229837159520865
1 0.424808172621166 0.5856218225004078 0.06945911201270884 0.07791481371139154
1 0.40809868614952566 0.6416923334217225 0.06719395508637321 0.059223792420473945
1 0.40461003896352116 0.6784706163001609 0.06092577272707302 0.05685443225142484
1 0.3270381477287207 0.40331074104427816 0.0706098728351769 0.0891121762087022
1 0.36964384199262584 0.3642113295927667 0.05915153950184357 0.08816341096050724
1 0.4480934883667531 0.284525946753521 0.06744850811657652 0.08514971834639987
1 0.5014639502173062 0.26392476744969723 0.0651651688309407 0.06460684520363041
1 0.48564539935137685 0.22925453763027112 0.06410531980497372 0.06266874196557902
1 0.4933188955633483 0.19096940844477897 0.06834471590884128 0.0704211549177846
