1 0.5042355533168059 0.7253066788809023 0.044889517856990815 0.09020623862538026
1 0.5237111632460651 0.6200938315637018 0.05213269440208338 0.08703073518640007
1 0.5930066771137735 0.6567803243058293 0.06250087094717595 0.08408160328944497
1 0.600806183636204 0.5755833827145378 0.0611197734294907 0.05808022018284402
1 0.6516058351685883 0.5932200057481046 0.06015084194518513 0.06356031855772476
1 0.6871307336616206 0.519282708128189 0.06252511600796305 0.08593345514129683
1 0.6686344358527084 0.46038029501447614 0.061507694402083264 0.08770984981247375
1 0.7333021914252086 0.42233088788896567 0.060514517856990815 0.09133809633550254
1 0.7180157513290512 0.36968358471470963 0.06128948885499999 0.07104318314580699
1 0.6985020319142594 0.31270848063352324 0.06417203824712961 0.05275103616931302
1 0.6980050081681252 0.2747455176705603 0.07468568515694447 0.06091301538346883
1 0.675124273619051 0.23933081001803225 0.05518495921972241 0.08170155117286917
1 0.6449639949337038 0.20537022855615386 0.06325159688439826 0.061934838247897465
1 0.5922624125503011 0.16192086536767336 0.062282665400092675 0.0674149366227782
1 0.5783202669070602 0.09249370975573844 0.06632810676282427 0.05845750608621827
1 0.6347425951740974 0.3404972453931738 0.05334407649425922 0.10006915533003806
1 0.582053570794676 0.3378263515357714 0.0604660277354166 0.08763439263179894
1 0.571369772985764 0.27835800956699713 0.06327584194518512 0.06378669009974931
1 0.5278132979984723 0.25648948256500276 0.06269483143347235 0.09889641810425968
1 0.46710525512877327 0.1987912334167687 0.05583870491379628 0.05214737872391437
1 0.4485487801414816 0.1751117340785783 0.05794628330791672 0.05415014493711586
1 0.450050232015926 0.1305163752727842 0.06325159688439813 0.061934838247897465
1 0.42032767084550937 0.24944675735969593 0.06770920428050928 0.08445888919281906
1 0.4656661578006484 0.40742639547280135 0.06565011600796306 0.08615982668332117
1 0.3567266979476391 0.36897764596668786 0.0573410277354166 0.08740802108977437
1 0.325780196681065 0.43424205294023327 0.06882360612953704 0.09008990192904943
1 0.5149279898674076 0.4668805995343845 0.06833870491379627 0.0530528648920124
1 0.5281068515694447 0.5178269652181383 0.06870238082560184 0.08083064266979018
1 0.4466269589655558 0.5459725761233352 0.06455995921972217 0.08238066579894276
1 0.44277591356270857 0.6102010223252607 0.0651652147922223 0.04912278964628424
1 0.444278236384329 0.6453107503297711 0.06099854812555563 0.04882096092358476
