1 0.4244791666666667 0.8504475773863927 0.052083333333333336 0.10107741235824842
1 0.4578125 0.4502111953697458 0.059375 0.10678380564395895
1 0.5802083333333333 0.6444097810782965 0.05416666666666667 0.11037976811183786
1 0.5802083333333333 0.8101505218190374 0.05520833333333333 0.11040131635900273
1 0.5375 0.7935263029445329 0.05625 0.10857101275431576
1 0.39427083333333335 0.5887115671074974 0.0625 0.1031447466817503
1 0.3578125 0.7333277488270937 0.04895833333333333 0.10471647132045729
1 0.5270833333333333 0.38682933899140154 0.051041666666666666 0.12142623448145391
1 0.5880208333333333 0.504756578117219 0.06145833333333333 0.12719727250865928
1 0.4666666666666667 0.7550239851002777 0.057291666666666664 0.10118515359407343
1 0.31302083333333336 0.7166604334582591 0.053125 0.11591377542022832
1 0.41822916666666665 0.6669849545700695 0.051041666666666666 0.11587067892589857
1 0.3026041666666667 0.4905190250606835 0.05 0.11770098253058534
1 0.4114583333333333 0.2733263724449786 0.058333333333333334 0.11416966480420138
1 0.6338541666666667 0.614963960251737 0.052083333333333336 0.11033667161750768
1 0.540625 0.5315539106489906 0.05 0.1232565380861409
1 0.6442708333333333 0.4448090723530164 0.06979166666666667 0.08848076959709014
1 0.5635416666666667 0.36628723134587926 0.03333333333333333 0.1080969513166865
1 0.39427083333333335 0.8100078634037937 0.046875 0.1065252266779794
1 0.45625 0.6677714655915908 0.051041666666666666 0.11587067892589857
1 0.46927083333333336 0.8726704483107827 0.041666666666666664 0.10641748544215437
1 0.5416666666666666 0.9075013848220816 0.053125 0.10850636801282092
1 0.609375 0.7311242431100269 0.05 0.10844172327132608
1 0.3625 0.4139802714948915 0.06145833333333333 0.12719727250865928
1 0.5015625 0.8946347402691931 0.040625 0.0952848260838784
1 0.5828125 0.3583525405850979 0.034375 0.11922961067496259
1 0.4401041666666667 0.21188191220497826 0.052083333333333336 0.15292926421010045
1 0.3484375 0.5081338146026089 0.03333333333333333 0.10624509946483474
1 0.32760416666666664 0.47159173854819836 0.03125 0.11175755852606033
1 0.4479166666666667 0.8768583388735305 0.03333333333333333 0.11180065502039009
1 0.50625 0.5206576333073614 0.04479166666666667 0.1379636116651309
