1 0.5324173887395071 0.7911639212580259 0.054084002418798134 0.10292926421010049
1 0.42719743913844865 0.23570663021904847 0.053115087355239156 0.10661141966663916
1 0.5750232104573769 0.8115875135441409 0.05103175402190582 0.10656832317230915
1 0.3533697621222629 0.6948271232760712 0.04158400241879801 0.10267068524412093
1 0.4889418667179792 0.8856197885282208 0.04136574760947458 0.09155957413300982
1 0.4514732641190795 0.6492615212768803 0.04582342068857249 0.10646058193648435
1 0.3096313342338416 0.6697954496074915 0.054265881426567596 0.11218852346935974
1 0.541922978822435 0.3732050084636288 0.045072760434337056 0.12125384850413427
1 0.6575314503884759 0.44954917910276815 0.06158069231639161 0.06050905759482753
1 0.3939434952754946 0.5587476858335395 0.06033400241879813 0.10305855369309037
1 0.37410551808444004 0.3711187207016337 0.053369717966116545 0.11957438262960207
1 0.5274719612730672 0.9107592034326252 0.049844584149023534 0.09913936751773686
1 0.43611282945279084 0.8487342379235063 0.04306217870411165 0.12491445571350802
1 0.4132441106992567 0.8251234511634792 0.0518187900776951 0.09362690845651127
1 0.35128145038847597 0.4558843637692698 0.03332342068857249 0.10620200297050478
1 0.46684527089694683 0.42385210458074585 0.05709987501413636 0.09743835339603978
1 0.38322261269607333 0.7822082835655798 0.03946429328391084 0.1007757368979389
1 0.3045453378054933 0.4373988163236666 0.050026463156793 0.10839862677699612
1 0.46025304179389365 0.8574978874979713 0.035443129823459665 0.10809695131668659
1 0.6374041483298813 0.6185525331824985 0.055089293283910955 0.10109896060541351
1 0.5801736390766705 0.3575929085037101 0.02908400241879813 0.10241210627814115
1 0.5111905153002059 0.5063019597803152 0.04076059056145477 0.11376024810806695
1 0.6015459936441142 0.35807709536275406 0.025317469569224236 0.1226962836598516
1 0.4583614559569443 0.17763122714952695 0.04737434857699382 0.13240805610957526
1 0.5432523550459704 0.5204595530565985 0.0393187900776951 0.09336832949053149
1 0.5529315930367982 0.5888056855977972 0.036580692316391605 0.05999189966286841
1 0.6079249904944438 0.7358764213876968 0.04489088142656736 0.11199458924487501
1 0.4174554063454202 0.6416285059764085 0.04072421475990093 0.1119083962562151
1 0.3289517528690522 0.43318872881158604 0.025099214759900925 0.11158517254874048
