1 0.45102083333333337 0.566574074074074 0.04769791666666663 0.08120370370370375
1 0.5370729166666667 0.5720185185185185 0.05303125000000002 0.10203703703703708
1 0.48402083333333334 0.2068888888888889 0.04793749999999998 0.09909259259259258
1 0.5994895833333334 0.17301851851851854 0.04240625000000004 0.08066666666666666
1 0.42628125 0.3442777777777778 0.04859374999999998 0.09911111111111108
1 0.46159374999999997 0.6211481481481482 0.03844791666666663 0.11338888888888893
1 0.5529166666666666 0.2625925925925926 0.04994791666666672 0.08746296296296296
1 0.6320937499999999 0.6350185185185185 0.043447916666666704 0.11696296296296291
1 0.6148333333333333 0.4427222222222222 0.052322916666666684 0.09637037037037036
1 0.70584375 0.33509259259259255 0.04316666666666672 0.10459259259259263
1 0.46058333333333334 0.46577777777777785 0.04131249999999997 0.10142592592592595
1 0.5582916666666667 0.1462222222222222 0.03079166666666661 0.09381481481481481
1 0.629375 0.2265185185185185 0.03836458333333326 0.09503703703703703
1 0.5717395833333333 0.7620925925925925 0.050635416666666565 0.10003703703703701
1 0.59465625 0.3642777777777778 0.04245833333333333 0.10324074074074074
1 0.4434270833333333 0.1842962962962963 0.04760416666666671 0.09944444444444447
1 0.42498958333333337 0.6333703703703704 0.023770833333333387 0.09477777777777768
1 0.35039583333333335 0.5431666666666667 0.05711458333333338 0.06074074074074066
1 0.4222604166666667 0.5400555555555555 0.02940625000000002 0.09101851851851847
1 0.656375 0.31362962962962965 0.039447916666666555 0.09446296296296294
1 0.5580625 0.3539259259259259 0.0399166666666666 0.10027777777777773
1 0.6528020833333333 0.5432037037037036 0.03071875000000001 0.10281481481481478
1 0.3799895833333334 0.368537037037037 0.043625 0.09951851851851853
1 0.59865625 0.5642962962962963 0.04241666666666669 0.0919999999999999
1 0.41058333333333336 0.4823518518518519 0.04769791666666663 0.10349999999999998
1 0.52515625 0.11409259259259259 0.03370833333333329 0.09109259259259259
1 0.69728125 0.5698518518518519 0.04136458333333337 0.11396296296296289
1 0.49065624999999996 0.09235185185185185 0.043020833333333286 0.09883333333333331
1 0.49772916666666667 0.4895740740740741 0.03523958333333337 0.10979629629629628
1 0.4047604166666667 0.6322777777777778 0.026781250000000038 0.10581481481481479
1 0.5420416666666666 0.8194444444444444 0.03943749999999995 0.13624074074074063
1 0.6726145833333333 0.5720925925925926 0.020833333333333332 0.11507407407407405
1 0.5822187499999999 0.14683333333333334 0.027531250000000066 0.1111111111111111
1 0.4088541666666667 0.2513148148148148 0.039437500000000014 0.09788888888888891
