1 0.5210988982070915 0.21435873159537241 0.06325149511987836 0.11675426647350567
1 0.5825871688680313 0.29128202115690754 0.06214922400806036 0.10746268301993496
1 0.48384131598769753 0.1761580235631209 0.06116816178654503 0.11668961808488265
1 0.5407849830522148 0.7882341741155297 0.0632878577869692 0.12230982202906122
1 0.41221333463294096 0.454547858099805 0.06854467467642375 0.12987885040802613
1 0.6788621848610317 0.385954837894545 0.05594770756418133 0.11467614526147321
1 0.7207769648578498 0.42893063443082796 0.06331209956502969 0.12601352573276492
1 0.5778337337683034 0.1420301640141201 0.04857119467430285 0.10148691293832965
1 0.3937667217536678 0.32802393457911605 0.059084828453211696 0.11662496969625964
1 0.45184442173245665 0.607660353529806 0.06340906667727235 0.14082834054757976
1 0.34795083996394105 0.4831154757052024 0.06929544000636341 0.08546673015789334
1 0.6117823132824266 0.6857864276019272 0.07171815823254496 0.1373832303983681
1 0.4679061386325168 0.4618327580510265 0.059206037343514595 0.13514348821477817
1 0.4500349030872132 0.3269916632941601 0.05703785778696921 0.12211587686319207
1 0.6823857146191538 0.64352386627351 0.043447707564181336 0.11428825492973513
1 0.6366754146509703 0.22535412457135792 0.05593558667515121 0.11282429340962137
1 0.5447549391046064 0.1021069009072628 0.06015073689793908 0.12036099759427482
1 0.602064422209849 0.18075274554340368 0.043447707564181336 0.11428825492973502
1 0.6212201070973946 0.19894333573075929 0.056129520899635806 0.142453923039251
1 0.4096690426214869 0.6044993718083377 0.040334828453211694 0.1160431341986524
1 0.44079359776151594 0.2266845834482007 0.04967346578612085 0.11077849639190042
1 0.6638614106460918 0.2900996046095019 0.04656058667515121 0.11253337566081775
1 0.61822697729685 0.4970591596845959 0.06951361600890872 0.11880006349122646
1 0.6094034777477286 0.412508982676533 0.0591333120093329 0.12403237710366695
1 0.3909675261776081 0.5965101289033231 0.03936588712072684 0.12712192111545184
1 0.5301209328453353 0.5869365199550213 0.0674302826755754 0.11873541510260355
1 0.49953152129748646 0.48504086819974995 0.044634824899211625 0.1365428013462688
1 0.503006202604518 0.8296630957129077 0.06253709245702967 0.1667219422791942
1 0.6630966999522749 0.6457036464565247 0.031965132452787516 0.11022898508860458
1 0.6456671470666383 0.6025615425606364 0.03936588712072696 0.12712192111545184
1 0.5772633221939407 0.38835878450472794 0.049697707564181334 0.11448220009560407
