1 0.46639966887976647 0.22140934560654252 0.05353103603888958 0.12627229291876546
1 0.4218015826195669 0.3232411946437854 0.06786589955738004 0.05094979961687256
1 0.41856749831061146 0.3567038349679829 0.06784771883922076 0.045394244061317
1 0.4313580425472612 0.42653542620975243 0.08462346981484288 0.07941721467925933
1 0.32616451255849577 0.5854968400333328 0.07102120075431213 0.06033836586699597
1 0.2827815042952718 0.3160323927742794 0.04090377101177486 0.0868661760664198
1 0.3619414162147559 0.6330838837124685 0.054445437678441524 0.08742650636016454
1 0.4360963600742495 0.7290761411709458 0.06175528506326747 0.09328377822773662
1 0.4668773860295988 0.5528261735925919 0.06177346578142675 0.09883933378329217
1 0.5119235827504947 0.4731949956124272 0.07205074694220599 0.05667776449358036
1 0.5214803899320871 0.41725151908427904 0.06486816458449465 0.08970938151489728
1 0.5699273275450648 0.2532317748539909 0.06176134530265406 0.09513563007958857
1 0.6395765785861508 0.2938624372432089 0.06479544171185765 0.06748715929267506
1 0.680543634857585 0.3467895248264599 0.0596052890966836 0.07282720319679017
1 0.6652091790942346 0.41778487898600725 0.06595225292686611 0.10271544680814823
1 0.7401455465806773 0.4341259556497108 0.05856362243001693 0.07278410086650208
1 0.724856542612725 0.49123242092036934 0.06062877504519122 0.0673147499715227
1 0.7069633719781062 0.5484466420167479 0.06583710837852455 0.06753026162296305
1 0.7083864864722187 0.5909745811139084 0.07101514051492568 0.058486514015144125
1 0.6926281612057177 0.6323618568089702 0.06173104410572184 0.08587637082032942
1 0.6674615046225914 0.6843222386618096 0.06369923289071337 0.0507773902957202
1 0.5943815587463896 0.5781016936878592 0.06482574290878987 0.0767464185519341
1 0.5859182775201466 0.4590236190508633 0.04091589149054755 0.09056987977012362
1 0.5863751310860245 0.637684220424279 0.06583710837852455 0.06753026162296305
1 0.5419800628452696 0.6774790324244848 0.07526665053300216 0.0845848492622224
1 0.6224759102955595 0.7454348981234559 0.0585393814724713 0.06537669345909468
1 0.6123225167883036 0.8245480739648963 0.0627302890966836 0.07295651018765444
1 0.48911227576529404 0.7602112556595877 0.07101514051492568 0.058486514015144125
1 0.4738747838321264 0.8015769801895055 0.07932423289071337 0.05142392525004122
1 0.4737535790443982 0.8386140172265425 0.0814681686179109 0.07002864842913592
