1 0.3523020833333333 0.5396851851851852 0.06621875000000005 0.08729629629629627
1 0.4051354166666667 0.6263148148148148 0.023062499999999986 0.11772222222222231
1 0.42410416666666667 0.6329444444444445 0.019343750000000052 0.11772222222222231
1 0.46428125 0.6144259259259259 0.037197916666666705 0.14683333333333326
1 0.5438958333333334 0.8121666666666667 0.026781250000000038 0.12168518518518526
1 0.38839583333333333 0.8716851851851851 0.04613541666666663 0.06612962962962969
1 0.5736562500000001 0.7513148148148148 0.04464583333333323 0.08994444444444454
1 0.6343020833333333 0.6263148148148148 0.046875 0.10449999999999991
1 0.5383229166666667 0.5601851851851852 0.04985416666666662 0.10449999999999991
1 0.49813541666666666 0.47618518518518516 0.024552083333333384 0.12433333333333331
1 0.4672604166666667 0.45501851851851854 0.04464583333333335 0.10846296296296296
1 0.37946875 0.35912962962962963 0.04761458333333337 0.10450000000000001
1 0.4088541666666667 0.23809259259259258 0.03198958333333337 0.1111111111111111
1 0.4427083333333333 0.16864814814814813 0.03571874999999996 0.10185185185185185
1 0.48065625 0.20105555555555554 0.052083333333333336 0.1111111111111111
1 0.4970208333333333 0.06877777777777778 0.03571874999999996 0.10053703703703702
1 0.52753125 0.09987037037037037 0.03273958333333328 0.10449999999999998
1 0.5584062500000001 0.13557407407407407 0.03198958333333337 0.11242592592592594
1 0.5822187499999999 0.13557407407407407 0.026041666666666668 0.12301851851851853
1 0.6041666666666666 0.16535185185185186 0.04315625000000007 0.10316666666666668
1 0.6305833333333334 0.21427777777777773 0.023062500000000104 0.11111111111111109
1 0.5643645833333333 0.3359814814814815 0.037947916666666734 0.1111111111111111
1 0.49665625 0.34390740740740744 0.04836458333333328 0.0661296296296296
1 0.5970937500000001 0.35450000000000004 0.03198958333333337 0.11375925925925927
1 0.6149583333333334 0.4351851851851852 0.040927083333333295 0.12698148148148142
1 0.6607187499999999 0.2976111111111111 0.03125 0.10053703703703708
1 0.7042395833333334 0.3207592592592593 0.03496874999999993 0.10714814814814817
1 0.656625 0.5343888888888889 0.026041666666666668 0.1216851851851852
1 0.6785729166666666 0.5641481481481482 0.022322916666666734 0.1388888888888889
1 0.6994062499999999 0.5667962962962962 0.0327395833333334 0.14153703703703693
