1 0.4482253203530784 0.5872899831594356 0.05222967464523146 0.09232462626200497
1 0.5770573463781943 0.17908336314831294 0.05336832155504633 0.09976435786372383
1 0.4617466612212499 0.23108325732960194 0.05661454685898152 0.10912058970591766
1 0.5353620799148608 0.5779520163474099 0.05864939007074099 0.10548153439083686
1 0.420286077571273 0.21404954881640062 0.05448272340407409 0.10535223761359094
1 0.6396045300790045 0.29681204183921184 0.048135743160925885 0.0977508850403145
1 0.41243546808574055 0.3759088027847243 0.05877061537467595 0.11474079365009623
1 0.6051697883742129 0.2207130192326203 0.046125145009953884 0.10324179220724693
1 0.6916003928580553 0.5438955945080924 0.04951684067861114 0.12370913516055188
1 0.4652547919843747 0.6396913463145831 0.04733652710212961 0.11623707936452135
1 0.6033626603984026 0.4383379360195244 0.06281605673740742 0.1056108311680831
1 0.34978782035307837 0.5842353467969975 0.06240389070402775 0.07412934968660162
1 0.5793567078906712 0.3616362294301221 0.05043728204134273 0.11448220009560407
1 0.5320708482780554 0.27217019143167376 0.056493321555046334 0.0998613304466584
1 0.45318038696891183 0.48740311783952583 0.049347125253101844 0.11074617219758891
1 0.41930110429428213 0.5678663872001947 0.038809233282500105 0.10116367099521448
1 0.36254413538569424 0.40585488503640893 0.05143045858643518 0.11081082058621192
1 0.6852196578652544 0.31490097305558507 0.05353803698055562 0.1127273208266868
1 0.5783712991400923 0.7552840447258867 0.05978803698055562 0.11292126599255593
1 0.5320479096380324 0.15452911254761392 0.038809233282500105 0.10116367099521448
1 0.5408150412240045 0.3604402342405962 0.05043728204134273 0.11448220009560407
1 0.40542087772377294 0.5137101447761298 0.06092668389037049 0.1203609975942748
1 0.46115439912631934 0.11712972005209002 0.05026756661583344 0.10151923713264116
1 0.629111644441273 0.6206921707474168 0.05157592895115736 0.12192193169732314
1 0.5010888503674769 0.13133716449604627 0.04081983143347235 0.09567276382828194
1 0.6464576082835646 0.5295265290925786 0.03999637031388895 0.11230710630063703
1 0.49048642648261553 0.5033816036495551 0.044211527102129604 0.11614010678158698
1 0.6018109765080322 0.5568564545380429 0.05026756661583344 0.1015192371326411
1 0.4269551404519904 0.6598078095185091 0.033673635131527865 0.10655760557921254
1 0.39011324088194427 0.2899963232275301 0.04716681167662031 0.10327411640155848
1 0.40813240526962935 0.6647815295764575 0.037113820921759334 0.13072865223622118
1 0.5494704571949071 0.8136705507387351 0.05516158510611125 0.1572040894654429
1 0.6680174224933331 0.5542794112471945 0.027326654888379664 0.09895625300593598
1 0.5545649682753009 0.14596482346605222 0.037041085739398245 0.12517309668066554
