1 0.3525629076357285 0.5667269041981267 0.05862730383212463 0.09598151866904471
1 0.5459091344065657 0.8073443121072885 0.04215470278440705 0.10183610298658437
1 0.3425001389561828 0.6387589607504323 0.05862730383212475 0.09598151866904471
1 0.5207963824079471 0.701554002376575 0.047168970498791415 0.0949139527947607
1 0.4714013242340993 0.34318789218695056 0.06090470278440705 0.10358302896268583
1 0.32336480259077344 0.36449472100644154 0.05327342128457957 0.08994070589790563
1 0.42963906079314207 0.3753198941302752 0.06037102233229739 0.08321265859231546
1 0.37694073338736883 0.4461506192925722 0.05346748690352854 0.09734811330531304
1 0.4047531716290654 0.1790314722666127 0.06046805514177187 0.08691636229601911
1 0.43470048607495904 0.6676698581150761 0.05838472180843842 0.08672225940978545
1 0.28763995946923454 0.5477467517619256 0.05530823821317578 0.08828295693228727
1 0.6516967153284987 0.42279517764443497 0.05981451971300326 0.10163412566771712
1 0.5828083462902067 0.6094230437016647 0.07073917259422681 0.08233132117163088
1 0.42548667728043565 0.43497129637831833 0.05819065618948957 0.07931485200237816
1 0.5740525712703193 0.3148815478141036 0.06790527102265026 0.09315127795339186
1 0.4486088978475229 0.7622559425078786 0.057440087951246235 0.09032891167037262
1 0.31104889316131407 0.4298511931910322 0.055816224427732784 0.06800963800503365
1 0.49756148704012043 0.6079463068475732 0.06458620540370129 0.0854527162166341
1 0.5497732143633374 0.4788792997950597 0.057682669974932564 0.09958817092963189
1 0.39713760931838227 0.2651465205940407 0.055017139784752325 0.07717184582117616
1 0.5362214954503829 0.19959328743265564 0.06984305514177198 0.0877898252840698
1 0.29633429376772924 0.48297652545235226 0.052788257237207266 0.07142218737938712
1 0.3820734972411078 0.7015605976834526 0.05814213978475233 0.07746300015052641
1 0.5975772062292646 0.7170206167789888 0.07313642652316805 0.05484469772320334
1 0.5944750283964493 0.6779376250038663 0.06569921064228978 0.048609782065830553
1 0.6853225831254394 0.47672969830698003 0.07490583926089348 0.08271952694409787
1 0.5258562172588215 0.2799101515967362 0.06901827626123876 0.05630834380258831
1 0.5399900558307434 0.24428036048489196 0.06882421064228979 0.0489009363951809
1 0.34802375172242883 0.31414322930658234 0.060879008546854387 0.06293933966506174
1 0.30730459098332225 0.3860900460647218 0.06405252495159162 0.06508234584626382
1 0.5013143282313366 0.5528760085076014 0.07546234188018772 0.0642980598686961
