1 0.60221875 0.18055555555555555 0.0442291666666667 0.08716666666666666
1 0.48497916666666663 0.21094444444444443 0.048833333333333326 0.09487037037037038
1 0.4445104166666667 0.18651851851851853 0.04647916666666667 0.09622222222222224
1 0.5384791666666667 0.5702407407407407 0.05223958333333337 0.09718518518518522
1 0.6581979166666667 0.3098148148148148 0.04082291666666672 0.09037037037037039
1 0.4267708333333333 0.34790740740740744 0.04655208333333327 0.09872222222222223
1 0.352875 0.5410925925925926 0.05915624999999996 0.05838888888888884
1 0.44984375000000004 0.5648703703703704 0.047135416666666666 0.08251851851851842
1 0.6959375 0.5654629629629631 0.03918749999999989 0.10966666666666672
1 0.42372916666666666 0.5425555555555556 0.03092708333333339 0.08481481481481473
1 0.59421875 0.3645555555555556 0.04076041666666678 0.10290740740740739
1 0.41309375 0.48214814814814816 0.05028124999999998 0.10264814814814811
1 0.6296354166666667 0.6293888888888889 0.04601041666666674 0.11003703703703696
1 0.7037916666666667 0.3357777777777778 0.04194791666666665 0.10235185185185182
1 0.61434375 0.444 0.05471874999999997 0.09257407407407409
1 0.46266666666666667 0.6172962962962962 0.03663541666666662 0.11196296296296303
1 0.5529270833333333 0.2655740740740741 0.04884375000000005 0.08729629629629627
1 0.46214583333333337 0.4638518518518519 0.03978124999999994 0.10050000000000002
1 0.6278854166666666 0.22851851851851854 0.03732291666666659 0.0933703703703704
1 0.5580416666666667 0.35544444444444445 0.04013541666666664 0.10566666666666667
1 0.5292395833333333 0.11890740740740739 0.03264583333333337 0.08694444444444446
1 0.55834375 0.15172222222222223 0.030802083333333268 0.09044444444444445
1 0.37636458333333334 0.36812962962962964 0.043437500000000046 0.09681481481481487
1 0.57134375 0.7559629629629631 0.05035416666666658 0.10035185185185196
1 0.49139583333333337 0.09720370370370371 0.043156249999999945 0.09342592592592593
1 0.5977708333333334 0.5638518518518519 0.04139583333333334 0.09357407407407402
1 0.498 0.4900925925925925 0.03333333333333333 0.107037037037037
1 0.6530104166666667 0.5438888888888889 0.032364583333333266 0.10342592592592596
1 0.41053125 0.2585 0.037333333333333364 0.09572222222222222
1 0.4055104166666667 0.634925925925926 0.025302083333333295 0.10581481481481479
1 0.42373958333333334 0.6408703703703703 0.01711458333333328 0.12301851851851843
1 0.5412916666666666 0.8128333333333333 0.040927083333333295 0.12301851851851843
1 0.6703854166666667 0.567462962962963 0.019343749999999934 0.11640740740740743
1 0.5811041666666666 0.15079629629629632 0.026781250000000038 0.10053703703703702
