1 0.6691715338912537 0.24647838216859966 0.05342801196932072 0.09589066526681314
1 0.4712131400566783 0.5643855432295697 0.05029089149054779 0.09199295728815539
1 0.6820688268249617 0.5262902546701643 0.05863028506326747 0.09436215387321832
1 0.44095026456886727 0.5495942512207932 0.06274846981484287 0.07980601142500905
1 0.595235105903569 0.5761344847674994 0.06282119268747977 0.10202823364723128
1 0.5202344113957728 0.26220740075622917 0.054518160551078526 0.11077014817327946
1 0.4587430939997123 0.4151292262835606 0.057606799114760084 0.09985304133712239
1 0.6646601280873577 0.4597646855898196 0.05967195172993437 0.09442682196486972
1 0.44533405809175053 0.1381274656055995 0.06485604410572184 0.08734275501571918
1 0.5671972848668758 0.28614918848376875 0.060683317199668824 0.08523223079726185
1 0.5258006461068025 0.5304349128623165 0.06067725696028236 0.08338037894540999
1 0.5778199996726805 0.34846547053021787 0.06070755815721445 0.09263963820466925
1 0.6267783330060138 0.34542607022260274 0.05344013244809342 0.09959436897051685
1 0.49521424231961464 0.7351527333896357 0.03994088745713166 0.11171664674201169
1 0.41552267043822716 0.2612991365597859 0.06694543767844165 0.08932394305087385
1 0.5897291263325053 0.16713389787484567 0.05754619672089589 0.08133452281860393
1 0.48906994925497876 0.6086565560418665 0.054372714805804634 0.066325703728835
1 0.7102056000498365 0.3689563265941957 0.05127801600273661 0.07539095871314
1 0.589294178112276 0.670966937761852 0.05965377101177485 0.08887126640931406
1 0.5707427769964352 0.09607570130234838 0.06175528506326747 0.09455615814817243
1 0.6393628291035254 0.21128438574362712 0.05648634933606995 0.07571429917139698
1 0.35184196551957114 0.38194289086301275 0.06281513244809342 0.10017638179537942
1 0.728123011642001 0.4317458579250111 0.05757043767844152 0.08874193022601128
1 0.691301063945483 0.32289813002169837 0.05646210837852455 0.06830689176398963
1 0.4375286600928312 0.6183391080600915 0.05642574694220599 0.05719578065287852
1 0.5198839592730552 0.6326747732640766 0.06071967863598739 0.09634334190837295
1 0.4573196322517017 0.29852722770854534 0.055444682669403396 0.07564963107974555
1 0.6484358588958992 0.5959845602414269 0.05754619672089589 0.08133452281860408
1 0.46223404397479406 0.2083890724354736 0.05958104813913797 0.06664904418709189
1 0.4340010014275329 0.6546765574919825 0.07102120075431213 0.06180483763970162
1 0.33071202771020164 0.4517871052603847 0.07635073887537373 0.09916521513499559
1 0.5094760357115701 0.4768076386532833 0.06590983125116132 0.09111112681107422
1 0.6932541021320086 0.2829539790235808 0.06687271480580463 0.06710172082865164
1 0.44547041347794475 0.17979413227226615 0.06578862646343306 0.054074089774037236
