1 0.33035416666666667 0.46494444444444444 0.04613541666666663 0.0621666666666667
1 0.2938958333333333 0.7308148148148148 0.050593750000000055 0.09127777777777771
1 0.3813229166666667 0.7129629629629629 0.06323958333333338 0.08994444444444454
1 0.4836354166666667 0.671962962962963 0.04613541666666663 0.06085185185185188
1 0.51525 0.6646851851851852 0.03198958333333337 0.06216666666666676
1 0.5561770833333333 0.6977592592592593 0.039437499999999896 0.07538888888888895
1 0.5989583333333334 0.5066111111111111 0.04315625000000007 0.07142592592592596
1 0.6104895833333334 0.46561111111111114 0.04240625000000004 0.052907407407407445
1 0.5613854166666666 0.4179814814814815 0.0483645833333334 0.08464814814814811
1 0.594125 0.09325925925925926 0.05134374999999996 0.07803703703703706
1 0.40402083333333333 0.37896296296296295 0.04613541666666663 0.06746296296296297
1 0.43936458333333334 0.24470370370370367 0.06027083333333335 0.10581481481481479
1 0.4933020833333333 0.22155555555555556 0.04464583333333335 0.05951851851851855
1 0.515625 0.26851851851851855 0.041666666666666664 0.052907407407407396
1 0.5357187499999999 0.24537037037037038 0.03125 0.04894444444444446
1 0.5550625 0.23148148148148148 0.029760416666666602 0.05025925925925923
1 0.4538645833333333 0.530425925925926 0.040177083333333384 0.06085185185185188
1 0.44196875 0.35516666666666663 0.038687499999999986 0.04894444444444446
1 0.4479166666666667 0.39616666666666667 0.028270833333333318 0.06481481481481481
1 0.5360833333333334 0.49868518518518523 0.036458333333333336 0.06085185185185188
