1 0.5537652015686043 0.15416447331119384 0.05909699242394287 0.07958793265922255
1 0.4985862372802224 0.8486803554653216 0.057395488635914184 0.11841217315948858
1 0.5547285963178784 0.6237220524357286 0.040328810064642555 0.07715424530976331
1 0.545455052487487 0.4220964699440573 0.039196231601474806 0.0678626618561927
1 0.40301181655746443 0.24127505099092655 0.05080002380920992 0.08303304280843414
1 0.4015466834403387 0.3043026623425125 0.060375029761512405 0.10369433092760813
1 0.3864281534074683 0.4094333169839707 0.049703810064642556 0.07744516305856702
1 0.38757746103647883 0.6326137893264303 0.045755331709578684 0.09953808850354322
1 0.42836873836345774 0.5952258725400144 0.05092730032431163 0.09599600577139722
1 0.5030220906369339 0.3984055998136736 0.036125778679375505 0.07332124482881368
1 0.478948208061426 0.3343180793708679 0.03808183549760725 0.06042293025447373
1 0.4515985944249626 0.3611005964460489 0.04352653950184357 0.0846586253001055
1 0.4783012811128106 0.4806790240557872 0.035120476731309344 0.07699262433820582
1 0.5125827332230326 0.5231470062591815 0.04539168452357411 0.06250105146650618
1 0.47631531466235166 0.543722797504529 0.040237898268141475 0.06789498605050426
1 0.4829081433957791 0.6315079773987785 0.034993200216207755 0.06402966137524287
1 0.49969035930462036 0.6958217672017649 0.0330007786793755 0.07322427224587921
1 0.4767827838176038 0.6974588254025442 0.03294623160147481 0.06766871669032365
1 0.4551376994021335 0.6684918417563006 0.03309169047587659 0.08248353150513847
