1 0.5360889477507061 0.8407407407407408 0.05814213978475233 0.07222222222222222
1 0.4435859367241555 0.1527777777777778 0.056084500688971535 0.11296296296296296
1 0.4380109354828043 0.3972222222222222 0.039392139784752325 0.07222222222222222
1 0.4881750759565281 0.5824074074074074 0.03810789109439945 0.06296296296296296
1 0.6582121967172488 0.6712962962962963 0.049905839260893474 0.07592592592592592
1 0.6467153220275866 0.6101851851851852 0.05981451971300326 0.0962962962962963
1 0.6391896123504582 0.5018518518518519 0.048718623380014967 0.07037037037037037
1 0.5914955004127816 0.2916666666666667 0.04414100330826566 0.09444444444444444
1 0.5613014502334086 0.35185185185185186 0.05029397049879141 0.09074074074074075
1 0.5323973928851242 0.5805555555555556 0.03517695671334842 0.07037037037037037
1 0.5685061363368885 0.6268518518518519 0.036872158808783695 0.05555555555555555
1 0.588247850563634 0.5851851851851851 0.04271120540370106 0.07962962962962963
1 0.5388257393149289 0.487962962962963 0.03418380645141899 0.07222222222222222
1 0.4981878921961526 0.4675925925925926 0.044212341880187724 0.05740740740740741
1 0.5273531228276354 0.42777777777777776 0.039149557761066114 0.06296296296296296
1 0.5028710840906008 0.34814814814814815 0.034934374689662206 0.06111111111111111
1 0.4739327162936601 0.2972222222222222 0.0320519567133483 0.07037037037037037
1 0.49489875172242886 0.2824074074074074 0.031857891094399446 0.06296296296296296
1 0.5213285496269934 0.2972222222222222 0.03125287207036796 0.07962962962962963
