1 0.5391367085414751 0.842825910275186 0.04636211923946168 0.0703719187209054
1 0.5031948007596633 0.6822304787769966 0.04770089855503545 0.08337798401415655
1 0.5322571281614976 0.6334804463553506 0.04969934256010961 0.07976048497102882
1 0.6347728607089219 0.7246768582651861 0.03911289723692448 0.07192205426074073
1 0.6217537997710801 0.678810811096503 0.04306734058294334 0.06283520432263383
1 0.49445206293979543 0.5505119344789307 0.039645227934036124 0.049742934368806696
1 0.48583311432133314 0.5150034818165851 0.03868845059562863 0.05340353574222221
1 0.4239618317104821 0.47174125475399237 0.034734007249609886 0.06249038568032932
1 0.3849948554116909 0.20186501283139974 0.05779745784523863 0.11524738646823052
1 0.5457289476546665 0.5174818658081489 0.031481673257221135 0.056805523133909394
1 0.521571660759955 0.43970331385510364 0.04627722991120251 0.06666821501720169
1 0.48319004778152014 0.42238933805884843 0.04077178392896196 0.053489740402798386
1 0.4427189212924485 0.29120802453884836 0.0397495671988685 0.09969983203851861
1 0.4745436966536897 0.27217382640740806 0.03807123057025782 0.07187895193045274
1 0.4860002575915313 0.31797522008065915 0.029313450595628628 0.053015614769629724
1 0.48471187551288214 0.37527487166234635 0.03443689460070279 0.04952742271736636
1 0.5130703211655949 0.3866238197653094 0.03239600593149904 0.05129306990864203
1 0.5069069828893457 0.34474164144720243 0.03443689460070279 0.04952742271736636
1 0.6113362701135848 0.42861685061020666 0.03411678722423943 0.08096580186855964
1 0.6419381027878628 0.42433281379814913 0.045957122534738916 0.09810659416839519
