1 0.5249270833333334 0.09457407407407407 0.05134375000000002 0.09920370370370371
1 0.3969479166666667 0.19048148148148147 0.046875 0.07937037037037034
1 0.49032291666666666 0.22816666666666666 0.053572916666666616 0.07538888888888891
1 0.516 0.2943148148148148 0.03347916666666665 0.06481481481481481
1 0.5450104166666667 0.33729629629629626 0.03496874999999999 0.0714259259259259
1 0.5773854166666667 0.453037037037037 0.03125 0.06481481481481481
1 0.5855625 0.5145555555555555 0.038687500000000104 0.0820185185185185
1 0.5591562499999999 0.6335925925925926 0.0483645833333334 0.07142592592592602
1 0.47209375 0.5429814814814814 0.04538541666666672 0.06481481481481481
1 0.51525 0.45437037037037037 0.04836458333333334 0.10449999999999995
1 0.5011145833333334 0.7063518518518519 0.04538541666666672 0.08994444444444454
1 0.4464270833333333 0.6911296296296295 0.02976041666666672 0.05951851851851849
1 0.35565625 0.7063518518518519 0.043156249999999945 0.05025925925925923
1 0.35975 0.7486851851851852 0.03347916666666665 0.05555555555555555
1 0.3578854166666667 0.5846481481481481 0.04613541666666663 0.05820370370370361
1 0.3582604166666667 0.4695740740740741 0.04389583333333332 0.08464814814814817
1 0.3489583333333333 0.35714814814814816 0.053572916666666616 0.09788888888888891
1 0.29129166666666667 0.40674074074074074 0.036458333333333336 0.08333333333333333
1 0.4170416666666667 0.3419259259259259 0.03347916666666665 0.06481481481481481
1 0.45535416666666667 0.31548148148148153 0.03571874999999996 0.0727592592592593
