1 0.3217906321291671 0.5301031750353117 0.0503406137923817 0.07493178819685732
1 0.277404077680047 0.2754538593240977 0.0571362508156902 0.10329187463333558
1 0.3653339715094956 0.2718826420103626 0.06967262661724417 0.10630834380258831
1 0.4690277527559614 0.2862515717727624 0.050304237990827734 0.07307993634500547
1 0.5002231890536307 0.2861178062570379 0.03676257132416107 0.07181826758448774
1 0.5405886021203729 0.24261503660378683 0.044308868601705124 0.08546059064926795
1 0.5890525431990928 0.422021723707209 0.0473611169985972 0.08204804127491448
1 0.6013094846997942 0.4596974695571386 0.04595569231639161 0.06343247131327921
1 0.5538640439865105 0.5195718143313891 0.05390212341102843 0.09744516474842979
1 0.5965657394525723 0.8335289150234207 0.055839953538146386 0.09023186022725567
1 0.3979215788329007 0.5978728425231143 0.050413365395489504 0.07863549190056103
1 0.43707831519234797 0.7217685625762226 0.06788029969634195 0.12092905573116973
1 0.4914748087799168 0.7314881766274083 0.04922619552260722 0.07113103305003687
1 0.5127876433226491 0.6786697475607059 0.04491402564972494 0.06333541987016247
1 0.5337416761722229 0.697050563347183 0.0343882315783965 0.05680934988343964
1 0.553315088029566 0.706317697039076 0.03334656491173007 0.05671229844032268
1 0.44271656443320306 0.43473152553918537 0.045059528855940556 0.07074282727756988
1 0.43665669661891554 0.6109000800729032 0.041679898245063164 0.05748870998525667
1 0.4411209854872117 0.5688937333553279 0.0325959046574944 0.07143006181202075
1 0.5262069730843307 0.4454374028868061 0.04089286218927389 0.07035462150510288
