1 0.6779351442210223 0.42644200085595463 0.044034831251161206 0.08748953491122254
1 0.5938177043949449 0.504273030088015 0.0513386183966008 0.09126865492729032
1 0.561374531743618 0.4576427472655342 0.05030907220870707 0.09496158487208496
1 0.5956552507792303 0.27004070522602874 0.04399240957545629 0.07452657194825947
1 0.5712639575836665 0.2966393737435149 0.03984392362694914 0.08003903246817835
1 0.5209949714387675 0.5322225706680763 0.03149240957545653 0.07439728684134934
1 0.5023086039523248 0.5514730874521556 0.0335696826694034 0.07256698250731583
1 0.4886127484352027 0.6633646787439187 0.03771210837852432 0.0652026701355453
1 0.3441331840969363 0.7572374966259136 0.06911361436318468 0.11182217919911687
1 0.493629836973966 0.4458313418253267 0.035616654566418285 0.061477418914023155
1 0.45420709998437253 0.49449601306085206 0.04195149791782811 0.0874679873934042
1 0.45130935896136304 0.563908136228569 0.03462346981484288 0.0762814599699288
1 0.3843975998534448 0.6474724880381864 0.05858786338756256 0.07838110827669163
1 0.36859685291123884 0.5936071779508448 0.04398634933607006 0.07267472009640752
1 0.3924733730128556 0.568854974405756 0.03247953408764547 0.05774139393359174
1 0.4247529192007494 0.5654852572282367 0.030420441711857767 0.06512725382318102
1 0.4261487626176231 0.5145754919406745 0.03249165456641829 0.06144509763729544
1 0.40380141119938107 0.5291586709389422 0.030420441711857767 0.06512725382318102
1 0.43286470654258064 0.33872498232711296 0.049176501951244234 0.06717303333539801
1 0.42539729293370804 0.284945862311045 0.05966589149054779 0.08950299314671192
