1 0.3932291666666667 0.5132222222222222 0.039437500000000014 0.05555555555555555
1 0.390625 0.5866481481481481 0.04613541666666663 0.07011111111111114
1 0.40402083333333333 0.651462962962963 0.04464583333333335 0.05424074074074067
1 0.41629166666666667 0.4417962962962963 0.04240625000000004 0.07142592592592596
1 0.4453125 0.40674074074074074 0.04389583333333332 0.05159259259259262
1 0.4464270833333333 0.733462962962963 0.040177083333333384 0.07803703703703702
1 0.48623958333333334 0.746037037037037 0.039437500000000014 0.06349999999999993
1 0.52678125 0.7281666666666666 0.040177083333333384 0.07011111111111114
1 0.5026041666666666 0.6898148148148148 0.039437500000000014 0.07011111111111114
1 0.5606354166666667 0.6739444444444445 0.04240625000000004 0.06481481481481481
1 0.5833333333333334 0.6058148148148148 0.04613541666666663 0.05555555555555555
1 0.48623958333333334 0.4417962962962963 0.039437500000000014 0.058203703703703716
1 0.5178541666666666 0.47618518518518516 0.028270833333333318 0.052907407407407445
1 0.5461354166666667 0.49074074074074076 0.028270833333333377 0.052907407407407445
1 0.5483645833333333 0.5416666666666666 0.041666666666666664 0.05951851851851849
