1 0.5972767491277644 0.477057618768738 0.04505952885594032 0.06711916454085216
1 0.6047122595338288 0.5491882640402322 0.052642201935038456 0.08200939566803106
1 0.5955720427771113 0.6168616598246436 0.05023148638772004 0.06532118148354606
1 0.5693650476147075 0.413470395129306 0.05059524440325921 0.08383970000206457
1 0.5381216634039058 0.38694714292418403 0.049153443919499294 0.06345855587278514
1 0.5593782526994161 0.709809786461239 0.04862103847458741 0.0893737080398018
1 0.5203637006125488 0.7342824896149527 0.04624669872882284 0.07453734570716884
1 0.47936337048543104 0.7273006456844577 0.04743386860170513 0.08195552687348531
1 0.5005488897227247 0.6826461129412843 0.046355826133484615 0.0800929012627242
1 0.44219736848861435 0.6841753693661242 0.04940807453037668 0.0764215188357479
1 0.41475193660655996 0.6233605366250154 0.051345904657494404 0.06903565894615903
1 0.49971226836505805 0.43363129454121074 0.0450959046574944 0.06897101639270391
1 0.47075062492931835 0.4765147786243511 0.03349206811794545 0.06144509763729565
1 0.4437516153106715 0.4990117316987573 0.03349206811794545 0.06144509763729565
1 0.44483461410127245 0.5499161101068648 0.04825728045904836 0.07085518952128327
