1 0.5447187376638021 0.684521533514659 0.039392139784752325 0.0726100775429525
1 0.4913383085213397 0.7136070883193752 0.03844750592756015 0.07630300748774714
1 0.45546360808003716 0.6511821959616079 0.04535104135632887 0.061563608985296614
1 0.43896818486513484 0.6047027457638556 0.03503140749913669 0.06515957509990863
1 0.3976768023175898 0.6098327378424987 0.046272853046336354 0.09674879417048159
1 0.6896417475885996 0.402610336357337 0.04196063716545808 0.09115014357928947
1 0.6317749870431266 0.5631665988846256 0.038107891094399333 0.06334004452478396
1 0.5802452842587196 0.6608083803640424 0.03341041604599108 0.12253466123058843
1 0.5981776855541063 0.49335584663726906 0.035128440308611175 0.06886327880361212
1 0.6112370602437686 0.43236324687415895 0.036170106975277845 0.0688740525625214
1 0.5812484867669367 0.3838918859587355 0.03750287207036796 0.07999593743254158
1 0.5332490704447558 0.3268986509290681 0.04588472180843842 0.08193397935566687
1 0.5187841560528976 0.401769365822158 0.03929510697527784 0.0689063738392489
1 0.4914453935771019 0.4311242645996036 0.029483459332642663 0.052142743342399614
1 0.47961034008946296 0.46527039939031656 0.038955492142117146 0.055943410876285835
