1 0.39434375 0.5952407407407407 0.037197916666666705 0.06085185185185188
1 0.3820729166666667 0.4993333333333333 0.039437500000000014 0.05951851851851849
1 0.4203854166666667 0.43783333333333335 0.03125 0.07407407407407407
1 0.4479166666666667 0.4107222222222222 0.03422916666666668 0.05424074074074078
1 0.4482916666666667 0.33796296296296297 0.05134374999999996 0.07011111111111114
1 0.5412916666666666 0.8630925925925926 0.04836458333333334 0.06216666666666676
1 0.4557291666666667 0.7546296296296297 0.03198958333333337 0.05951851851851849
1 0.4047604166666667 0.6593888888888889 0.06696874999999997 0.04364814814814824
1 0.4973958333333333 0.6970925925925926 0.036458333333333336 0.0529074074074075
1 0.530875 0.723537037037037 0.036458333333333336 0.05555555555555555
1 0.5602708333333334 0.672611111111111 0.041666666666666664 0.05687037037037044
1 0.5963541666666666 0.5886296296296296 0.04240625000000004 0.07142592592592602
1 0.5558020833333334 0.5608518518518518 0.03571874999999996 0.06085185185185188
1 0.5412916666666666 0.5112407407407408 0.027531250000000007 0.046296296296296294
1 0.5230625 0.4887592592592593 0.028270833333333377 0.0621666666666667
