1 0.593485845393482 0.5919655156254972 0.04790780792995359 0.0717926349200769
1 0.5523673077785253 0.5916146358761182 0.050482464194065574 0.08852394997536668
1 0.4818703818024239 0.530221979792299 0.05432158224021322 0.0775421356415016
1 0.43255277476183857 0.5518185666134945 0.038587399366706875 0.07335356902312525
1 0.40873756407292283 0.5029754482876488 0.038587399366706875 0.07335356902312525
1 0.3726930958835947 0.4805801293847611 0.04198535655047273 0.08270980086531886
1 0.6094221717165157 0.5147534112481708 0.040452366953027764 0.06601081000434095
1 0.6138433585852845 0.4529103193770029 0.04248110884960757 0.064223606541112
1 0.61102747022414 0.39269280999750616 0.0413302593094348 0.060487578643096854
1 0.6409672757420639 0.3492180913824071 0.06375117367696627 0.07968490524215718
1 0.5734315754557031 0.2823668523259669 0.04686614126328692 0.07176031072576544
1 0.5334410210308992 0.24967321355780364 0.0439595070102996 0.07907074555023828
1 0.4959092959441661 0.2827364776275369 0.04686614126328704 0.07176031072576544
1 0.4566763775813719 0.3286980562716101 0.04911324890687988 0.07738051466994401
