1 0.4188958333333333 0.4431296296296296 0.041666666666666664 0.06085185185185188
1 0.4598229166666667 0.4332037037037037 0.043156249999999945 0.07803703703703702
1 0.531625 0.47685185185185186 0.04836458333333334 0.06746296296296292
1 0.5803541666666666 0.44377777777777777 0.0327395833333334 0.06481481481481481
1 0.6056562499999999 0.4861111111111111 0.0327395833333334 0.06481481481481481
1 0.6421145833333333 0.5 0.03422916666666656 0.07407407407407407
1 0.40625 0.5244629629629629 0.03422916666666668 0.05687037037037044
1 0.40438541666666666 0.5872962962962963 0.037947916666666616 0.05555555555555555
1 0.40959375 0.6461666666666667 0.036458333333333336 0.05159259259259262
1 0.3813229166666667 0.6970925925925926 0.057291666666666664 0.06612962962962969
1 0.45126041666666666 0.7473518518518518 0.040927083333333295 0.06349999999999993
1 0.4914479166666667 0.7705 0.037947916666666616 0.07011111111111114
1 0.52753125 0.7275185185185186 0.040177083333333384 0.06085185185185188
1 0.5651041666666666 0.672611111111111 0.04240625000000004 0.06746296296296286
