1 0.4501458333333333 0.4808148148148148 0.022322916666666616 0.06481481481481481
1 0.5279062499999999 0.5932592592592593 0.031989583333333314 0.07538888888888895
1 0.50371875 0.7242037037037037 0.022322916666666616 0.08862962962962966
1 0.4791666666666667 0.746037037037037 0.023812500000000014 0.06349999999999993
1 0.45684375 0.7281666666666666 0.028270833333333318 0.07011111111111114
1 0.4308020833333333 0.7182592592592593 0.028270833333333318 0.07672222222222214
1 0.4088541666666667 0.6818703703703703 0.029020833333333346 0.05159259259259262
1 0.4144375 0.5172037037037037 0.03571874999999996 0.05820370370370361
1 0.3895104166666667 0.5621666666666667 0.037947916666666616 0.06349999999999993
1 0.3857916666666667 0.6269814814814815 0.040927083333333295 0.06085185185185188
