1 0.3907495561711066 0.4332077619000892 0.05439799498543512 0.07942631168766502
1 0.42257299274196025 0.3101842241411394 0.04906842403444121 0.07185728330870002
1 0.46657104143555744 0.29489133573271203 0.04716694712759863 0.08290374603118812
1 0.5165240116563135 0.38898700336079006 0.038712376176604835 0.07523774506928854
1 0.45956574843821313 0.40757954304402716 0.04076540010552302 0.07345054160605981
1 0.4033748015744221 0.5048596243338122 0.04180706677218969 0.07348286580037126
1 0.41789194264064894 0.5330737787347954 0.030136567607950582 0.060164336699981676
1 0.4404090135916428 0.5411761563199003 0.04290935224768665 0.07721889369838643
1 0.46737110930731557 0.5346091779645923 0.04290935224768665 0.07721889369838664
1 0.49341834943225854 0.5039519634380544 0.037519162487862565 0.06594616161571783
