1 0.433685718087391 0.28178307412383197 0.04082193768931693 0.08903072230523164
1 0.3666166370288662 0.360150785725512 0.03641268899896393 0.07955592950346478
1 0.3603637649584982 0.4399959488976492 0.04256565618948945 0.07617552611352241
1 0.41675644210234203 0.5110525533766179 0.0400941916182583 0.06125294452745375
1 0.4236157692319254 0.4080592420563326 0.03810789109439945 0.06484888145990382
1 0.4750370281232656 0.29166477573579375 0.038156407499136694 0.06670073331175567
1 0.49166658946878733 0.31207199616924647 0.032462910118430936 0.04791279786510274
1 0.4974428365050073 0.34968471712563476 0.04028825723720715 0.06866035193486136
1 0.4951154851128038 0.3988126745853357 0.04028825723720727 0.06866035193486127
1 0.4797430421848984 0.4495401002912986 0.034885858284924964 0.060983527599319555
