1 0.5171941599453447 0.6572551350968054 0.042430558499298596 0.042770946613558604
1 0.5156845641808576 0.5804032832449536 0.039960322927269 0.0758131256175417
1 0.47095241753890227 0.5263271226340505 0.052278443919499415 0.06771848367568341
1 0.3878373390148923 0.5296741182958221 0.04171627404661713 0.05934056183710852
1 0.3722073826925119 0.580899072983732 0.05019511058616608 0.06752438078944992
1 0.37965778414379076 0.6425924927535436 0.042794316514837644 0.06128946513207712
1 0.39066307942451817 0.6999959629446342 0.034861116998597313 0.08088342395751372
1 0.4191154616385033 0.7192830185754528 0.022433868601705122 0.08342251034381644
1 0.4454481347176012 0.7365241194681863 0.03500662020481293 0.08829083136492091
1 0.4854613618803831 0.7356309703985512 0.035939159466817944 0.0828323272524821
