1 0.437875 0.49074074074074076 0.021572916666666705 0.07407407407407407
1 0.48103125 0.49074074074074076 0.040927083333333295 0.06877777777777776
1 0.5093020833333334 0.5687777777777777 0.034968750000000055 0.08994444444444454
1 0.5029791666666666 0.7162777777777778 0.03125 0.07275925925925919
1 0.47321875 0.746037037037037 0.03571874999999996 0.08729629629629627
1 0.4389895833333333 0.7354444444444445 0.03273958333333328 0.07407407407407407
1 0.4073645833333333 0.7175925925925926 0.04389583333333332 0.05951851851851849
1 0.3976979166666667 0.6679814814814814 0.04538541666666672 0.037037037037037035
1 0.3895104166666667 0.621037037037037 0.04836458333333328 0.05951851851851849
1 0.3921145833333333 0.5502592592592592 0.04464583333333335 0.06085185185185188
