1 0.4726213728270856 0.6137667351297454 0.03560589525975821 0.05441479586014777
1 0.4966071086697871 0.4993936593818125 0.04123867523438752 0.0730410556144913
1 0.5371781666418793 0.4798528965272936 0.043406897895980026 0.07678785581252474
1 0.5442284350830382 0.5587397603318996 0.04682901054488724 0.08981546351698255
1 0.6248108178207429 0.6122831495862017 0.0457024545499614 0.08609021156611418
1 0.5971986985812812 0.6802629619255959 0.03624256522170223 0.08219257363792554
1 0.5716681402796613 0.7028939521417847 0.028738675234387518 0.07278247664851152
1 0.5424280816485136 0.7282273012706739 0.03282045257279501 0.06916496593346774
1 0.5070733095825498 0.6793249644717517 0.03077956390359115 0.07097372129098962
1 0.5220943593164489 0.7287330363768829 0.0328628972369246 0.0710168177853196
