1 0.3468570879343377 0.35501638888470255 0.04246669047587659 0.08363681690655675
1 0.3667813033026597 0.4465313137647576 0.04027426298674198 0.07241793902419189
1 0.3984093138548681 0.5124535214029169 0.042448508116576515 0.0817849650547049
1 0.4406630882056958 0.5565405988885109 0.04760229437200915 0.07649882642728374
1 0.47883847159308096 0.538833114572389 0.03711289826814147 0.06855258516360752
1 0.4914592930218093 0.5789003129927938 0.04233941396077512 0.07067385394359378
1 0.5312517234870953 0.5555564480426761 0.035011382575508065 0.06659296654050204
1 0.549808172621166 0.5212801554608723 0.031759106060406356 0.053468353420658296
1 0.5689218198071706 0.4832732174825514 0.05473031980497372 0.06020934346000533
1 0.5610975925342435 0.4318524327157145 0.04652426298674186 0.07274123933795311
1 0.5676176918304701 0.35100051853921116 0.04540986688287442 0.06527994854491889
1 0.5380457410726447 0.28774832190757593 0.04749320021620775 0.06538771531617263
1 0.3908018217000864 0.2268812441480745 0.03190456493480814 0.06828316823547312
1 0.4509794816025733 0.19507924577082514 0.03839093560571101 0.09268054262330847
1 0.4201321296004551 0.20870584268385517 0.04233941396077512 0.07067385394359378
1 0.49610106682992083 0.21217976294050025 0.030662892315838994 0.047858914479475816
1 0.5255249226200677 0.237495938301986 0.03910531980497372 0.059401092675602
