1 0.49114583333333334 0.2865868393409899 0.03958333333333333 0.08003903246817835
1 0.4510416666666667 0.26107570313306727 0.035416666666666666 0.07999593743254167
1 0.396875 0.2699692719296778 0.058333333333333334 0.08023296012854349
1 0.3609375 0.3425631888342666 0.040625 0.0578275840048653
1 0.3296875 0.4956641793793197 0.051041666666666666 0.11163902529766069
1 0.37395833333333334 0.5442803686997538 0.040625 0.07264239881968011
1 0.37864583333333335 0.600713368266144 0.04791666666666667 0.05605114846537773
1 0.41354166666666664 0.6438709658612051 0.046875 0.06715148581757957
1 0.4671875 0.6146124135736788 0.041666666666666664 0.05783835776377457
1 0.5354166666666667 0.2935363619947573 0.03854166666666667 0.0485467772277877
1 0.5578125 0.3071936150670989 0.03125 0.05217506461912712
1 0.5609375 0.3516057382348159 0.034375 0.06331849700696585
1 0.5734375 0.39777274942420204 0.0375 0.0652026701355451
1 0.5901041666666667 0.45963740631869215 0.040625 0.0578275840048653
1 0.5661458333333333 0.5376629805513812 0.041666666666666664 0.05783835776377457
1 0.5328125 0.5574521852809192 0.034375 0.06702220071066954
1 0.49895833333333334 0.5707652954084302 0.03333333333333333 0.06886327880361233
