1 0.3578854166666667 0.5317407407407407 0.055062500000000014 0.06877777777777776
1 0.3567708333333333 0.6031666666666666 0.05134374999999996 0.06085185185185188
1 0.36271875 0.6911296296296295 0.057291666666666664 0.06216666666666676
1 0.4192708333333333 0.7685185185185185 0.04389583333333332 0.06085185185185188
1 0.46280208333333334 0.7903518518518519 0.03273958333333328 0.08333333333333333
1 0.5331145833333333 0.7672037037037037 0.04240624999999998 0.07142592592592602
1 0.5613854166666666 0.7050185185185185 0.03496874999999993 0.05555555555555555
1 0.5695729166666667 0.6534444444444445 0.036458333333333336 0.06085185185185188
1 0.5799895833333333 0.5800185185185185 0.04985416666666656 0.07011111111111114
1 0.5602708333333334 0.47883333333333333 0.038687500000000104 0.05820370370370366
1 0.5572916666666666 0.40609259259259256 0.03571874999999996 0.058203703703703716
1 0.5122812499999999 0.32605555555555554 0.04240624999999998 0.0727592592592593
1 0.5007395833333333 0.40146296296296297 0.041666666666666664 0.06746296296296297
1 0.4285729166666667 0.3690555555555555 0.03422916666666668 0.07407407407407407
1 0.3954583333333333 0.40146296296296297 0.027531249999999948 0.062166666666666655
1 0.3723958333333333 0.42327777777777775 0.029020833333333346 0.0793703703703704
1 0.343375 0.4464259259259259 0.037947916666666616 0.06746296296296292
