1 0.4703579899386107 0.728351570766256 0.050779134546163715 0.11173789499809585
1 0.5090081004983441 0.7420716845459887 0.04636988585581084 0.10226310219632911
1 0.5588382930817638 0.74596676351738 0.048744317617567624 0.11348198007869406
1 0.6146916228306415 0.6589325098983362 0.04399545409405405 0.09104422431396415
1 0.6373928377463585 0.5865585458895023 0.05397547311808566 0.0749163915035663
1 0.6412613030065614 0.45875382641891105 0.05024545409405405 0.09136752462772549
1 0.6131748443628902 0.3991783917981661 0.039392139784752325 0.07416202410479
1 0.5877638909578076 0.3764514023647641 0.04261417259422681 0.07802737796537426
1 0.5495504280407092 0.34606462191836473 0.050536552522477504 0.10247863573883659
1 0.48976303860044273 0.3648767156398377 0.04057935566563072 0.07977146304597238
1 0.44935636242176025 0.35864483434595273 0.040433806451418995 0.07421590749041693
1 0.39458180466069415 0.42435584997588666 0.05024545409405405 0.09136752462772549
1 0.43324332630402 0.45749346650725037 0.04702342128457957 0.08750217076714101
1 0.3983431848651348 0.5785813542133147 0.049857322856156114 0.07655270981291067
1 0.4086485355683668 0.6418505841674944 0.04113585828492496 0.061306827913080675
1 0.41477580852133966 0.6859178449125508 0.0517465905705406 0.0692530691767569
1 0.4206362412482579 0.7401702908427922 0.04578768899896393 0.08004087997410689
