1 0.37993948618462287 0.3364643199390118 0.044109007249610005 0.06287830665292181
1 0.3972675899362815 0.27365144095678956 0.05040145191373947 0.06498877248650209
1 0.3917665517358528 0.4203141070605344 0.04727645191373948 0.06485946549563804
1 0.4083872289474067 0.5085995633253904 0.03994234058294334 0.06270589733176966
1 0.4470235099106191 0.5338781801217277 0.03386211923946168 0.06985469075744853
1 0.4482429078065992 0.6098256572127978 0.029525673916276675 0.06227487402888898
1 0.48016229746438605 0.6149925176204931 0.030991787224239193 0.08083649487769548
1 0.5068424064884882 0.5962792644404108 0.024826676552498365 0.08428158459967065
1 0.5289199048408496 0.5814636754503285 0.02469934256010973 0.0787260290441151
1 0.5592034025341556 0.5607477122623861 0.03603034190105418 0.07364459912172842
1 0.5751175626102677 0.5044809682570773 0.03560589525975833 0.0551260806032099
1 0.5708156093784174 0.4305146500087234 0.04194078458801727 0.059088398288642034
1 0.5684369357916684 0.37222441900567815 0.03681734058294334 0.06257659034090539
1 0.5614980961973083 0.31968370404448476 0.033607451254684166 0.058743579646337425
1 0.5357995316346617 0.24474913171518436 0.030609785247072807 0.06416982821102882
1 0.5063357523190877 0.2329930340002873 0.03481889657786918 0.06619408938403293
1 0.4721632506714491 0.22050497084576065 0.038241009226776396 0.07928635933786016
