1 0.3735104166666667 0.651462962962963 0.041666666666666664 0.05951851851851849
1 0.39285416666666667 0.7142777777777778 0.04761458333333337 0.06085185185185188
1 0.3824375 0.567462962962963 0.04464583333333335 0.06085185185185188
1 0.39657291666666666 0.47816666666666663 0.037197916666666705 0.05951851851851849
1 0.43378125 0.4497407407407408 0.03125 0.06612962962962965
1 0.4326666666666667 0.3743333333333333 0.027531249999999948 0.06085185185185188
1 0.46428125 0.36640740740740746 0.028270833333333318 0.0793703703703704
1 0.4918125 0.3829444444444444 0.022322916666666616 0.08333333333333333
1 0.5141354166666666 0.39748148148148144 0.022322916666666616 0.07803703703703702
1 0.5450104166666667 0.4146851851851852 0.03347916666666671 0.07011111111111114
1 0.5623333333333334 0.46996296296296297 0.03434375000000003 0.05214814814814819
1 0.5608958333333334 0.5443703703703703 0.040062500000000036 0.05596296296296301
1 0.5601770833333333 0.6028703703703704 0.03434375000000003 0.05850000000000006
1 0.5551770833333334 0.6556481481481482 0.0314791666666667 0.054685185185185135
1 0.5315624999999999 0.7325925925925927 0.0286145833333333 0.06359259259259264
1 0.5033020833333334 0.7459629629629629 0.03219791666666663 0.062314814814814774
1 0.4693229166666667 0.7612222222222222 0.03577083333333337 0.075037037037037
