1 0.36875882088601225 0.3419911113592853 0.045446231601474804 0.07037547627324664
1 0.3837474383105043 0.2758825257514775 0.051732596320075194 0.07459668829414759
1 0.38363043587487233 0.423234125052999 0.04858941396077512 0.07248608228369711
1 0.4037558400953163 0.5086755114453446 0.04127956493480814 0.07003047072844858
1 0.44249751271428545 0.5258545805263323 0.036125778679375505 0.07515476935300643
1 0.4468888227789281 0.6014786266005598 0.030862898268141474 0.06916795686645316
1 0.4781479139585782 0.5998170109404997 0.0331280551944771 0.08785897815737076
1 0.5045013168266256 0.5763213042961152 0.027937904220443954 0.08927957307822512
1 0.5256827510799401 0.5569605582864322 0.02684169047587659 0.08363776613646981
1 0.5551429715886873 0.5313542456315973 0.03824547673130922 0.07903097582910922
1 0.5691444694244133 0.47088746696554457 0.038063653138307056 0.0605124573105907
1 0.5621762662320544 0.3982568271345936 0.04332653354954109 0.06649926979714396
1 0.557957688580764 0.34022537365295863 0.038136382575507825 0.0679198647179981
1 0.5491243403666743 0.289989458816629 0.034975017856907445 0.06395740685569577
1 0.5202902283539655 0.22009602402179423 0.031922747294108454 0.07110606010450456
1 0.4910417410704478 0.21417772950204786 0.03608941396077512 0.07145106564930272
1 0.4565849204535969 0.20869069191329917 0.04038335714254326 0.0847590341570638
