1 0.3656410868532991 0.7110818057283329 0.04140684144990973 0.08215168520403376
1 0.37442634307586126 0.6124927423416443 0.039214413960775116 0.07091123790961967
1 0.397083184525771 0.5342211426366937 0.041388659090609535 0.0802998333521817
1 0.43260630925496213 0.4724986348181262 0.04654244534604217 0.07506761825488319
1 0.4721987337679456 0.4740300963749529 0.03605304924217449 0.06701352993096192
1 0.47940594372448436 0.4300059945262425 0.04127956493480814 0.0691887222410707
1 0.5205245035188674 0.43533816192425 0.033951533549541085 0.0650323418958073
1 0.5421540416683144 0.461696191848929 0.03069925703443938 0.05187537465789018
1 0.5658396396121442 0.49096133573468875 0.053652288419706436 0.05700177637792447
1 0.5642706845257711 0.544600371346741 0.04546441396077512 0.0712992464595282
1 0.5801918744611284 0.621560986739089 0.04435001785690744 0.0638271709604693
1 0.5586130643964857 0.6961935508319873 0.04643335119024077 0.06395650714377207
1 0.4229562080658198 0.8184069225645142 0.030862898268141474 0.06854204132455674
1 0.48491719237318626 0.8241065258696235 0.037331086579744266 0.09115227209668748
1 0.4536581011935361 0.8230924090460079 0.04127956493480814 0.06918872224107081
1 0.5264357640721742 0.7886979525268901 0.029621225649172325 0.04810700286253509
1 0.5523475181304623 0.7504675059575343 0.039087137445673645 0.05794827494665671
