1 0.4526518856781195 0.4806725795996872 0.04707601891435331 0.07972098691870534
1 0.36769299142292217 0.6368216830528869 0.056723803554089375 0.09716391606116788
1 0.5137823890211628 0.5376563889304113 0.031147924870202105 0.0599086976071939
1 0.5393941505677414 0.5342139923367444 0.03255330438985027 0.08221717121561567
1 0.5590398436706089 0.576636635108376 0.02915551975011397 0.06529175039035037
1 0.5745188701068095 0.6187142723352096 0.024007805225610922 0.06856419716305637
1 0.5915396683825264 0.630322605392687 0.030469971056516935 0.08204466844321659
1 0.5524029605441098 0.7272175554895038 0.040553234274617246 0.06253681193484142
1 0.525846034002386 0.756542752315997 0.035132735110378024 0.04914259204088096
1 0.5083610134165112 0.8051627301368044 0.03010625820353544 0.05982244622099436
1 0.48683056378163 0.8460302950054063 0.0342729248702021 0.06016745176579253
1 0.45746688598626506 0.8556522932288563 0.031087306061371816 0.0562049939034902
1 0.38747263473262383 0.8303858802159434 0.027102495821195897 0.06697109946980315
1 0.39115278525602726 0.7648607679407013 0.031208543679032395 0.06361240131089761
1 0.3641659535942156 0.7885872835185391 0.037640400105523025 0.07524102073920597
1 0.42849165699002045 0.8096756102036511 0.024776687252541525 0.051983781882589244
1 0.4373362424127558 0.8428592800868543 0.024897924870202103 0.059391189289996656
