1 0.5263942830143623 0.7460446348382409 0.04275972180843854 0.08442431152780003
1 0.48929526137103646 0.7784756329287947 0.038593055141771755 0.08412248280510076
1 0.43524988571621287 0.779181489163333 0.06155823821317578 0.08763439263179883
1 0.3924787528241821 0.7141638934896399 0.04321919161825818 0.06227754648625263
1 0.34546530658801083 0.5665879760471899 0.05613301709370878 0.1186631310292314
1 0.38453778163641916 0.5102715468342492 0.043607322856156115 0.07709236130106745
1 0.38251293975623146 0.4528264108365043 0.050510858284924964 0.06280574675097647
1 0.4129495719592908 0.4042019289211609 0.04976029004668163 0.07384140068141276
1 0.46802520319718866 0.42297824572140447 0.044260858284924966 0.06235300366692745
1 0.5685931940979546 0.7296939348014648 0.04089327626123875 0.05286737286564373
1 0.589462196717249 0.7127222884867803 0.03369864240404657 0.05604287630462371
1 0.5877769696702217 0.6682401154519986 0.037114740832470024 0.06738035895775907
1 0.5953211934089832 0.6188815014877346 0.04028825723720739 0.06945858235163559
1 0.6056022859098464 0.5549344442506804 0.043219191618258414 0.06227754648625263
1 0.5735018127917608 0.4805239637888879 0.044260858284925084 0.06235300366692745
1 0.538859972565706 0.4678486916414332 0.03721177364194451 0.07108406266146287
1 0.5043636815538629 0.4607289750495341 0.036170106975277845 0.07100860548078805
