0 0.58671875 0.22421875 0.0234375 0.05234375
0 0.321875 0.67578125 0.03203125 0.04765625
0 0.61875 0.12265625 0.0203125 0.04609375
0 0.684375 0.10703125 0.03984375 0.06484375
0 0.2015625 0.90703125 0.03046875 0.04765625
0 0.44609375 0.759375 0.028125 0.04765625
0 0.628125 0.16640625 0.0328125 0.05859375
0 0.24921875 0.725 0.02734375 0.04609375
0 0.56875 0.55078125 0.02265625 0.03984375
0 0.55859375 0.43984375 0.0234375 0.03359375
0 0.58359375 0.46328125 0.0234375 0.03515625
0 0.48203125 0.51796875 0.0234375 0.05625
0 0.8125 0.03359375 0.0578125 0.06640625
0 0.19140625 0.87421875 0.01875 0.03515625
0 0.3453125 0.72421875 0.02734375 0.05234375
0 0.5453125 0.50859375 0.02734375 0.04609375
0 0.13046875 0.965625 0.0375 0.05234375
0 0.5015625 0.78671875 0.02734375 0.04765625
0 0.3921875 0.69375 0.0140625 0.04140625
0 0.2390625 0.97890625 0.02734375 0.0375
0 0.2890625 0.971875 0.04453125 0.05234375
0 0.69453125 0.12109375 0.0203125 0.0375
0 0.378125 0.65 0.0234375 0.04140625
0 0.515625 0.76015625 0.015625 0.02890625
0 0.4359375 0.50078125 0.0296875 0.04375
0 0.621875 0.22578125 0.02109375 0.03515625
0 0.6140625 0.26875 0.02734375 0.04609375
0 0.43125 0.446875 0.0203125 0.02734375
0 0.3953125 0.5 0.02734375 0.05859375
0 0.36796875 0.61484375 0.0296875 0.04609375
0 0.4703125 0.48828125 0.0296875 0.04765625
0 0.43046875 0.74453125 0.01796875 0.03515625