0 0.63671875 0.44296875 0.04609375 0.10234375
0 0.5015625 0.43359375 0.04609375 0.05859375
0 0.42265625 0.44375 0.03984375 0.05859375
0 0.346875 0.75859375 0.04609375 0.0625
0 0.3921875 0.52265625 0.04453125 0.05
0 0.39375 0.34296875 0.0296875 0.05625
0 0.96484375 0.86015625 0.05390625 0.15390625
0 0.19140625 0.31484375 0.0703125 0.09609375
0 0.91875 0.54296875 0.0390625 0.02734375
0 0.390625 0.61875 0.04140625 0.05
0 0.91484375 0.49296875 0.0484375 0.03984375
0 0.34921875 0.56328125 0.02734375 0.04765625
0 0.28671875 0.66171875 0.0484375 0.06015625
0 0.3421875 0.61640625 0.034375 0.05859375
0 0.91484375 0.51328125 0.0484375 0.08515625
0 0.303125 0.48359375 0.0296875 0.05859375
0 0.29765625 0.47265625 0.04140625 0.08359375
0 0.01953125 0.44453125 0.03046875 0.05078125
0 0.0359375 0.403125 0.05703125 0.06328125
0 0.0671875 0.34609375 0.05859375 0.05
0 0.74765625 0.59765625 0.05390625 0.06640625
0 0.190625 0.62890625 0.040625 0.10546875
0 0.19609375 0.51796875 0.04453125 0.0734375
0 0.20234375 0.46875 0.0578125 0.0625
0 0.2453125 0.43515625 0.05390625 0.08203125
0 0.13203125 0.6875 0.04609375 0.07734375
0 0.13125 0.6109375 0.05859375 0.0625
0 0.128125 0.5375 0.046875 0.07421875
0 0.0765625 0.67109375 0.0609375 0.09140625
0 0.05859375 0.58046875 0.071875 0.07265625
0 0.0640625 0.48984375 0.0484375 0.07421875
0 0.01953125 0.63125 0.0390625 0.05390625
0 0.0234375 0.29765625 0.046875 0.05
0 0.153125 0.478125 0.03125 0.04375
0 0.1625 0.4390625 0.04453125 0.05546875
0 0.196875 0.4046875 0.0453125 0.0578125
0 0.10546875 0.421875 0.04609375 0.07421875
0 0.13828125 0.36875 0.03359375 0.065625