0 0.16171875 0.47265625 0.02578125 0.05
0 0.553125 0.58125 0.01875 0.03359375
0 0.41875 0.59296875 0.02265625 0.03515625
0 0.253125 0.240625 0.0203125 0.03984375
0 0.35 0.38671875 0.015625 0.02734375
0 0.27890625 0.24765625 0.01796875 0.03359375
0 0.28671875 0.215625 0.0203125 0.03515625
0 0.2578125 0.20546875 0.0203125 0.03515625
0 0.44921875 0.47734375 0.03203125 0.03046875
0 0.43671875 0.453125 0.021875 0.0453125
0 0.3859375 0.39609375 0.021875 0.04140625
0 0.4421875 0.38203125 0.01640625 0.03984375
0 0.58125 0.57109375 0.025 0.05390625
0 0.3359375 0.29296875 0.01875 0.03515625
0 0.321875 0.30390625 0.01796875 0.0375
0 0.44765625 0.52265625 0.01953125 0.0453125
0 0.47265625 0.525 0.01796875 0.0296875
0 0.4828125 0.46953125 0.028125 0.0453125
0 0.5015625 0.43671875 0.01328125 0.03515625
0 0.37890625 0.2125 0.0234375 0.04140625
0 0.58125 0.740625 0.0140625 0.02734375
0 0.50625 0.64296875 0.0140625 0.02265625
0 0.40390625 0.36015625 0.01875 0.05
0 0.3796875 0.15546875 0.025 0.03125
0 0.50703125 0.6 0.01640625 0.0375
0 0.5515625 0.39375 0.0234375 0.05390625
0 0.37890625 0.45859375 0.0296875 0.0640625
0 0.41796875 0.42578125 0.01640625 0.03515625
0 0.41171875 0.35234375 0.01328125 0.0375
0 0.43515625 0.65390625 0.01640625 0.025
0 0.45859375 0.56015625 0.015625 0.0375
0 0.5078125 0.50234375 0.015625 0.0375
0 0.4703125 0.34375 0.01640625 0.04609375
0 0.36640625 0.35546875 0.015625 0.03515625
0 0.46015625 0.359375 0.01171875 0.02734375
0 0.5265625 0.79609375 0.015625 0.0625
0 0.3984375 0.20390625 0.02265625 0.05
0 0.55703125 0.40546875 0.01328125 0.03125
0 0.44921875 0.63359375 0.01328125 0.02109375
0 0.5796875 0.75078125 0.01640625 0.04765625
0 0.47890625 0.41015625 0.01640625 0.02890625
0 0.471875 0.63671875 0.0234375 0.04765625
0 0.240625 0.01015625 0.01875 0.0203125
0 0.575 0.76484375 0.02109375 0.02890625
0 0.53828125 0.72578125 0.025 0.04765625
0 0.6140625 0.81640625 0.0296875 0.04140625
0 0.46796875 0.69140625 0.02109375 0.0375
0 0.40703125 0.51328125 0.0296875 0.03984375
0 0.3265625 0.13359375 0.034375 0.04140625