0 0.19921875 0.503125 0.04921875 0.04765625
0 0.78125 0.51015625 0.04609375 0.04609375
0 0.3046875 0.40703125 0.03671875 0.06875
0 0.778125 0.453125 0.04453125 0.04375
0 0.178125 0.39375 0.03046875 0.04140625
0 0.46328125 0.203125 0.034375 0.07734375
0 0.175 0.33515625 0.04921875 0.05390625
0 0.67109375 0.55625 0.0328125 0.08359375
0 0.37578125 0.40078125 0.028125 0.04765625
0 0.2296875 0.6375 0.034375 0.04140625
0 0.4859375 0.40234375 0.02578125 0.05859375
0 0.67265625 0.37890625 0.03984375 0.05859375
0 0.57109375 0.60859375 0.02734375 0.05390625
0 0.58125 0.496875 0.03515625 0.05234375
0 0.5296875 0.42421875 0.0375 0.04765625
0 0.0203125 0.29453125 0.034375 0.03984375
0 0.50234375 0.67578125 0.03046875 0.06640625
0 0.50078125 0.6171875 0.0296875 0.0515625
0 0.51015625 0.57265625 0.034375 0.0390625
0 0.4875 0.5296875 0.034375 0.0625
0 0.53359375 0.51875 0.0296875 0.05
0 0.42578125 0.434375 0.03515625 0.06015625
0 0.6765625 0.42265625 0.04140625 0.05390625
0 0.50703125 0.48125 0.03046875 0.04140625
0 0.63046875 0.590625 0.03515625 0.04375
0 0.62890625 0.48359375 0.0390625 0.05
0 0.35390625 0.478125 0.034375 0.05625
0 0.7484375 0.49453125 0.0515625 0.05234375
0 0.50390625 0.32734375 0.04140625 0.05390625
0 0.3734375 0.51875 0.065625 0.04609375
0 0.2296875 0.70625 0.06015625 0.075