0 0.75390625 0.38671875 0.04140625 0.06015625
0 0.2203125 0.684375 0.0421875 0.06875
0 0.58671875 0.384375 0.0375 0.03984375
0 0.428125 0.384375 0.0421875 0.06015625
0 0.171875 0.31640625 0.0484375 0.04609375
0 0.51328125 0.41875 0.04140625 0.05390625
0 0.2203125 0.51171875 0.04453125 0.07734375
0 0.20546875 0.39921875 0.05390625 0.03984375
0 0.50625 0.36015625 0.04140625 0.05
0 0.59765625 0.45859375 0.03515625 0.04609375
0 0.29921875 0.68359375 0.04921875 0.06640625
0 0.48828125 0.53828125 0.03984375 0.09375
0 0.4015625 0.72421875 0.05390625 0.11875
0 0.43828125 0.4625 0.03671875 0.05
0 0.35859375 0.48046875 0.040625 0.0359375
0 0.3609375 0.43515625 0.03046875 0.078125
0 0.39765625 0.42265625 0.0375 0.04609375
0 0.30546875 0.51640625 0.0390625 0.04609375
0 0.5625 0.45546875 0.0375 0.03515625
0 0.02265625 0.42109375 0.0453125 0.0484375
0 0.12578125 0.39453125 0.05390625 0.05625
0 0.31796875 0.38984375 0.0375 0.05
0 0.13125 0.61015625 0.03515625 0.05
0 0.025 0.4734375 0.05 0.053125
0 0.07578125 0.521875 0.071875 0.04765625
0 0.13046875 0.67109375 0.046875 0.08359375
0 0.3265625 0.64609375 0.03125 0.04453125
0 0.3453125 0.56875 0.03046875 0.05390625
0 0.91171875 0.653125 0.05546875 0.06015625
0 0.28046875 0.4875 0.03984375 0.05
0 0.0671875 0.60625 0.06953125 0.04609375
0 0.0296875 0.665625 0.04921875 0.05234375
0 0.10625 0.32109375 0.06484375 0.0625
0 0.39296875 0.53984375 0.03515625 0.05
0 0.4421875 0.54375 0.02734375 0.05859375
0 0.1796875 0.47421875 0.06796875 0.05234375
0 0.35 0.52109375 0.03046875 0.03359375
0 0.4015625 0.4875 0.03515625 0.05390625
0 0.16875 0.43125 0.046875 0.05
0 0.3359375 0.43203125 0.0484375 0.04375
0 0.13125 0.69296875 0.04609375 0.03984375
0 0.48828125 0.51484375 0.0375 0.04609375