0 0.60234375 0.23046875 0.0234375 0.04765625
0 0.909375 0.20703125 0.04453125 0.03515625
0 0.09375 0.815625 0.0328125 0.03984375
0 0.0140625 0.665625 0.028125 0.03984375
0 0.82265625 0.296875 0.03046875 0.03984375
0 0.6953125 0.46875 0.025 0.05859375
0 0.8734375 0.290625 0.03984375 0.03984375
0 0.6359375 0.26796875 0.0296875 0.03984375
0 0.81484375 0.21484375 0.0390625 0.04140625
0 0.75078125 0.38125 0.025 0.0375
0 0.91953125 0.23515625 0.034375 0.03359375
0 0.68359375 0.41953125 0.0296875 0.04375
0 0.8421875 0.24453125 0.02734375 0.03515625
0 0.07578125 0.79296875 0.02265625 0.02734375
0 0.88671875 0.246875 0.04609375 0.03515625
0 0.5828125 0.34296875 0.015625 0.03125
0 0.5203125 0.41953125 0.02734375 0.03515625
0 0.725 0.328125 0.0328125 0.04765625
0 0.57578125 0.39609375 0.0109375 0.02890625
0 0.65 0.35859375 0.02265625 0.04609375
0 0.57578125 0.31328125 0.01796875 0.03515625
0 0.51796875 0.36328125 0.0203125 0.03125
0 0.03671875 0.94296875 0.0390625 0.04375
0 0.65625 0.31171875 0.01875 0.03984375
0 0.57890625 0.32578125 0.0234375 0.06015625
0 0.66875 0.371875 0.01796875 0.03125
0 0.69609375 0.45390625 0.0234375 0.02890625
0 0.7296875 0.31953125 0.01875 0.03125
0 0.871875 0.33046875 0.0328125 0.02734375
0 0.06171875 0.98359375 0.04140625 0.02890625