0 0.4078125 0.16484375 0.03203125 0.06640625
0 0.4015625 0.40078125 0.03515625 0.06484375
0 0.5671875 0.68125 0.0296875 0.05390625
0 0.76875 0.25 0.04921875 0.06640625
0 0.4265625 0.56875 0.0296875 0.05859375
0 0.5078125 0.5875 0.02265625 0.0625
0 0.38125 0.97890625 0.01171875 0.0375
0 0.62265625 0.41171875 0.0203125 0.08125
0 0.42109375 0.65234375 0.02734375 0.04609375
0 0.43359375 0.80390625 0.025 0.0625
0 0.34765625 0.81015625 0.034375 0.07109375
0 0.484375 0.58515625 0.0234375 0.05859375
0 0.6015625 0.42578125 0.025 0.06484375
0 0.396875 0.68828125 0.02109375 0.08125
0 0.371875 0.88125 0.0234375 0.05
0 0.5984375 0.60390625 0.0328125 0.05390625
0 0.58671875 0.87578125 0.03046875 0.08515625
0 0.5640625 0.91953125 0.0296875 0.05625
0 0.53046875 0.89140625 0.028125 0.1
0 0.4515625 0.671875 0.03203125 0.06484375
0 0.37265625 0.67265625 0.03203125 0.0875
0 0.37421875 0.97890625 0.02578125 0.0375
0 0.4921875 0.92734375 0.0296875 0.07890625
0 0.47578125 0.79921875 0.03203125 0.07734375
0 0.5203125 0.965625 0.02734375 0.06484375