0 0.43984375 0.39921875 0.04453125 0.06484375
0 0.8125 0.45703125 0.046875 0.13515625
0 0.11640625 0.28671875 0.09765625 0.09375
0 0.4140625 0.78046875 0.03046875 0.06484375
0 0.45 0.63515625 0.0390625 0.05390625
0 0.453125 0.56015625 0.0421875 0.05
0 0.40234375 0.58203125 0.02734375 0.04765625
0 0.978125 0.753125 0.04140625 0.19375
0 0.815625 0.52421875 0.03515625 0.03515625
0 0.25546875 0.40625 0.04140625 0.08359375
0 0.1234375 0.7125 0.0609375 0.05390625
0 0.36015625 0.50625 0.03046875 0.05
0 0.57421875 0.42421875 0.04609375 0.11484375
0 0.29765625 0.35625 0.0390625 0.075
0 0.1828125 0.70390625 0.04921875 0.05390625
0 0.29609375 0.45234375 0.0421875 0.05390625
0 0.196875 0.39296875 0.04140625 0.05625
0 0.215625 0.51015625 0.03984375 0.0625
0 0.16328125 0.46015625 0.05390625 0.07109375
0 0.4046875 0.66640625 0.028125 0.05859375
0 0.3453125 0.6875 0.04140625 0.0625
0 0.11015625 0.36875 0.05625 0.05
0 0.32890625 0.31953125 0.034375 0.04765625
0 0.5734375 0.396875 0.04375 0.05625
0 0.06640625 0.39921875 0.0578125 0.03984375
0 0.6078125 0.5609375 0.06640625 0.1140625
0 0.0859375 0.52265625 0.0640625 0.0859375
0 0.01875 0.65859375 0.0375 0.07734375
0 0.05234375 0.64921875 0.040625 0.0671875
0 0.09609375 0.60078125 0.053125 0.071875
0 0.171875 0.63984375 0.04609375 0.07109375
0 0.228125 0.63046875 0.0515625 0.103125
0 0.01875 0.4953125 0.0375 0.0734375
0 0.33984375 0.46640625 0.03203125 0.0578125