0 0.03359375 0.29765625 0.0671875 0.07109375
0 0.13125 0.28515625 0.06796875 0.08359375
0 0.52890625 0.79765625 0.04140625 0.07109375
0 0.43671875 0.728125 0.0375 0.06484375
0 0.225 0.26875 0.0515625 0.05859375
0 0.48125 0.59921875 0.02578125 0.05625
0 0.540625 0.59765625 0.025 0.07109375
0 0.640625 0.509375 0.025 0.03125
0 0.1828125 0.39609375 0.0578125 0.05390625
0 0.48046875 0.37578125 0.04140625 0.11875
0 0.03671875 0.415625 0.07265625 0.05625
0 0.55078125 0.66796875 0.046875 0.06484375
0 0.1265625 0.43515625 0.065625 0.0625
0 0.2484375 0.496875 0.05625 0.07265625
0 0.44609375 0.55234375 0.03046875 0.05390625
0 0.22734375 0.77265625 0.0765625 0.09140625
0 0.13359375 0.42265625 0.053125 0.0375
0 0.33125 0.35625 0.04921875 0.06640625
0 0.15703125 0.63359375 0.04609375 0.05859375
0 0.6421875 0.43671875 0.0234375 0.03984375
0 0.3171875 0.56015625 0.05 0.0703125
0 0.33046875 0.4953125 0.04140625 0.06640625
0 0.37109375 0.4625 0.0328125 0.05390625
0 0.3578125 0.6375 0.025 0.06640625
0 0.37109375 0.57890625 0.05078125 0.078125
0 0.41640625 0.51171875 0.02734375 0.03515625
0 0.62734375 0.37421875 0.025 0.06015625
0 0.11640625 0.453125 0.04609375 0.02734375
0 0.01328125 0.484375 0.0265625 0.021875
0 0.50546875 0.69296875 0.04375 0.06015625
0 0.06953125 0.59609375 0.06484375 0.075
0 0.29296875 0.65625 0.025 0.05859375
0 0.2328125 0.70078125 0.0390625 0.07265625
0 0.00859375 0.37265625 0.01640625 0.025
0 0.08828125 0.69765625 0.084375 0.0625
0 0.28828125 0.40546875 0.0390625 0.06015625
0 0.43671875 0.43046875 0.0578125 0.10625