0 0.765625 0.20234375 0.03671875 0.05
0 0.16640625 0.840625 0.0328125 0.06015625
0 0.5328125 0.40859375 0.02109375 0.07890625
0 0.796875 0.221875 0.02109375 0.03515625
0 0.71015625 0.38046875 0.028125 0.03984375
0 0.47109375 0.43046875 0.034375 0.09375
0 0.775 0.284375 0.0375 0.04375
0 0.87109375 0.15078125 0.04375 0.03515625
0 0.08125 0.97421875 0.02734375 0.04765625
0 0.0625 0.73828125 0.0390625 0.05234375
0 0.6046875 0.31953125 0.0234375 0.06015625
0 0.13828125 0.97890625 0.0296875 0.0375
0 0.69453125 0.33359375 0.01875 0.02890625
0 0.5234375 0.34453125 0.01875 0.03515625
0 0.66796875 0.46875 0.02578125 0.05859375
0 0.590625 0.265625 0.02265625 0.04375
0 0.6234375 0.378125 0.02734375 0.03125
0 0.61484375 0.35078125 0.0234375 0.04765625
0 0.8359375 0.19296875 0.02734375 0.03515625
0 0.465625 0.40546875 0.0234375 0.04375
0 0.52734375 0.359375 0.02734375 0.06484375
0 0.47734375 0.45859375 0.025 0.04609375
0 0.55546875 0.26328125 0.025 0.05234375
0 0.87421875 0.184375 0.03515625 0.03515625
0 0.65859375 0.43359375 0.02578125 0.05859375
0 0.83515625 0.209375 0.0296875 0.06875
0 0.68828125 0.34296875 0.03203125 0.04765625
0 0.015625 0.9234375 0.03125 0.059375
0 0.04609375 0.965625 0.04140625 0.06484375
0 0.7890625 0.23046875 0.0375 0.05234375
0 0.83671875 0.23359375 0.0328125 0.04140625
0 0.56015625 0.25625 0.01640625 0.0375