0 0.50390625 0.190625 0.0234375 0.04765625
0 0.5765625 0.38203125 0.02734375 0.06875
0 0.58671875 0.18125 0.028125 0.07109375
0 0.50078125 0.32734375 0.0203125 0.04140625
0 0.5921875 0.63046875 0.02734375 0.04765625
0 0.81171875 0.190625 0.03203125 0.08515625
0 0.546875 0.32578125 0.03515625 0.06875
0 0.52734375 0.21640625 0.025 0.05
0 0.60546875 0.19921875 0.0234375 0.04375
0 0.3359375 0.64921875 0.034375 0.04765625
0 0.5671875 0.63984375 0.0234375 0.0375
0 0.3984375 0.67109375 0.0296875 0.05390625
0 0.428125 0.978125 0.015625 0.03984375
0 0.50625 0.54375 0.02578125 0.04140625
0 0.525 0.61953125 0.0234375 0.04375
0 0.3578125 0.97578125 0.03046875 0.04375
0 0.5359375 0.55703125 0.0296875 0.04375
0 0.35703125 0.70390625 0.025 0.05390625
0 0.4984375 0.60078125 0.02734375 0.04765625
0 0.29453125 0.82109375 0.02578125 0.07109375
0 0.37578125 0.859375 0.04453125 0.04375
0 0.31875 0.93359375 0.0296875 0.0875
0 0.43671875 0.978125 0.0328125 0.03984375
0 0.30234375 0.92578125 0.0296875 0.07265625
0 0.66328125 0.42578125 0.028125 0.06484375
0 0.4296875 0.63671875 0.03203125 0.05625
0 0.215625 0.975 0.0375 0.04609375
0 0.43515625 0.671875 0.0203125 0.03984375
0 0.3734375 0.63125 0.01875 0.02890625
0 0.3296875 0.828125 0.028125 0.06015625
0 0.2921875 0.78125 0.03046875 0.05859375