0 0.51796875 0.29453125 0.0203125 0.03984375
0 0.5625 0.28671875 0.0234375 0.05234375
0 0.31484375 0.66796875 0.02734375 0.05625
0 0.6078125 0.15546875 0.03046875 0.05625
0 0.58828125 0.35625 0.03046875 0.05
0 0.62578125 0.18203125 0.0234375 0.05234375
0 0.553125 0.18984375 0.02109375 0.04140625
0 0.4 0.98671875 0.0203125 0.02265625
0 0.79375 0.15234375 0.03046875 0.06640625
0 0.53046875 0.159375 0.02109375 0.03984375
0 0.2984375 0.85859375 0.02734375 0.06640625
0 0.2734375 0.840625 0.028125 0.06015625
0 0.34921875 0.81328125 0.025 0.03984375
0 0.3625 0.66796875 0.028125 0.04765625
0 0.3859375 0.57265625 0.02265625 0.04609375
0 0.23125 0.990625 0.02109375 0.01484375
0 0.38359375 0.8125 0.028125 0.05
0 0.44375 0.62421875 0.02109375 0.04375
0 0.534375 0.68203125 0.02578125 0.03125
0 0.32890625 0.97890625 0.02578125 0.0375
0 0.3234375 0.88125 0.0296875 0.06640625
0 0.5578125 0.678125 0.03671875 0.04375
0 0.18984375 0.97265625 0.0375 0.05
0 0.53046875 0.60234375 0.028125 0.0375
0 0.5078125 0.57734375 0.0296875 0.04609375
0 0.5171875 0.51796875 0.025 0.04375
0 0.26796875 0.803125 0.02109375 0.04375
0 0.27265625 0.79296875 0.03046875 0.06484375
0 0.5484375 0.53046875 0.02265625 0.05234375
0 0.40546875 0.63125 0.02734375 0.03359375
0 0.63984375 0.5328125 0.028125 0.06875
0 0.7796875 0.128125 0.025 0.05625
0 0.5359375 0.615625 0.0203125 0.03515625
0 0.3328125 0.76953125 0.02734375 0.06015625