0 0.025 0.76484375 0.03203125 0.04609375
0 0.8609375 0.25390625 0.0390625 0.0375
0 0.64609375 0.21484375 0.0296875 0.04609375
0 0.76484375 0.33828125 0.03671875 0.03515625
0 0.88359375 0.27734375 0.03671875 0.0375
0 0.86171875 0.32109375 0.0375 0.0375
0 0.5578125 0.34375 0.01796875 0.0375
0 0.94765625 0.27265625 0.0390625 0.03359375
0 0.90625 0.31015625 0.0421875 0.03359375
0 0.6921875 0.27890625 0.01171875 0.025
0 0.721875 0.46953125 0.0234375 0.05625
0 0.953125 0.29765625 0.0328125 0.03359375
0 0.62265625 0.35703125 0.025 0.0359375
0 0.63125 0.31171875 0.0203125 0.05234375
0 0.78984375 0.3875 0.028125 0.04140625
0 0.903125 0.35390625 0.04375 0.04140625
0 0.55859375 0.38515625 0.0234375 0.02890625
0 0.68046875 0.35390625 0.03046875 0.02890625
0 0.696875 0.32578125 0.02578125 0.03515625
0 0.70234375 0.384375 0.03203125 0.03515625
0 0.7140625 0.421875 0.025 0.03515625
0 0.865625 0.38046875 0.0296875 0.02734375
0 0.98203125 0.45625 0.0203125 0.03359375
0 0.55859375 0.3625 0.0234375 0.075
0 0.628125 0.296875 0.0140625 0.02265625
0 0.00625 0.903125 0.0125 0.03125
0 0.6859375 0.28359375 0.025 0.03359375
0 0.01171875 0.73984375 0.0234375 0.025