0 0.84375 0.30859375 0.028125 0.0375
0 0.83828125 0.23125 0.0375 0.04140625
0 0.0578125 0.79140625 0.0328125 0.04609375
0 0.5390625 0.39921875 0.02265625 0.03125
0 0.86640625 0.25546875 0.02578125 0.03515625
0 0.625 0.21484375 0.0203125 0.03359375
0 0.5328125 0.34921875 0.01875 0.03125
0 0.66796875 0.26875 0.009375 0.025
0 0.7515625 0.321875 0.01640625 0.03984375
0 0.03984375 0.76953125 0.0234375 0.02734375
0 0.93046875 0.23984375 0.0390625 0.03359375
0 0.603125 0.321875 0.02109375 0.04765625
0 0.9375 0.26484375 0.03046875 0.03359375
0 0.0125 0.90625 0.025 0.05
0 0.7078125 0.46640625 0.02578125 0.05390625
0 0.76796875 0.38203125 0.02734375 0.03515625
0 0.596875 0.37890625 0.01328125 0.02890625
0 0.0171875 0.98359375 0.03203125 0.02890625
0 0.89453125 0.26796875 0.03984375 0.03515625
0 0.6921875 0.371875 0.01328125 0.03125
0 0.67890625 0.31015625 0.01796875 0.0375
0 0.89921875 0.31875 0.02109375 0.04140625
0 0.67109375 0.34375 0.01796875 0.0375
0 0.69921875 0.4125 0.0234375 0.02890625
0 0.740625 0.321875 0.0375 0.03984375
0 0.65859375 0.27265625 0.03046875 0.03359375
0 0.68125 0.37421875 0.034375 0.03515625