0 0.6765625 0.95 0.02734375 0.0625
0 0.5515625 0.72734375 0.0421875 0.1
0 0.3140625 0.03828125 0.04375 0.0765625
0 0.38359375 0.38125 0.03515625 0.05
0 0.5109375 0.77578125 0.03203125 0.07734375
0 0.38359375 0.53359375 0.0328125 0.075
0 0.61484375 0.37265625 0.03515625 0.05390625
0 0.7046875 0.6875 0.04375 0.07109375
0 0.33828125 0.34375 0.03515625 0.05859375
0 0.48671875 0.51875 0.03515625 0.04609375
0 0.45859375 0.34765625 0.03984375 0.07109375
0 0.54921875 0.275 0.0375 0.0625
0 0.68515625 0.76328125 0.04921875 0.08984375
0 0.665625 0.80234375 0.0328125 0.0625
0 0.28359375 0.03359375 0.04609375 0.06640625
0 0.41875 0.68046875 0.028125 0.05625
0 0.528125 0.315625 0.0375 0.07734375
0 0.7671875 0.91484375 0.05 0.1078125
0 0.434375 0.36015625 0.03046875 0.075
0 0.4421875 0.66484375 0.03203125 0.05390625
0 0.56953125 0.41328125 0.04140625 0.06875
0 0.5390625 0.47890625 0.0296875 0.0625