0 0.5 0.80625 0.03046875 0.08359375
0 0.434375 0.76640625 0.02578125 0.0625
0 0.359375 0.67890625 0.03203125 0.05390625
0 0.63203125 0.51875 0.025 0.05
0 0.70390625 0.54140625 0.0390625 0.05390625
0 0.3484375 0.49375 0.028125 0.05390625
0 0.17109375 0.675 0.06796875 0.05390625
0 0.45859375 0.71171875 0.01875 0.05234375
0 0.92109375 0.5875 0.0671875 0.04609375
0 0.52265625 0.62265625 0.02265625 0.0625
0 0.60859375 0.72109375 0.04609375 0.05859375
0 0.2453125 0.778125 0.0421875 0.05234375
0 0.346875 0.546875 0.02734375 0.05234375
0 0.7046875 0.75859375 0.03671875 0.05859375
0 0.82578125 0.75078125 0.04609375 0.06015625
0 0.2515625 0.55234375 0.08359375 0.04609375
0 0.971875 0.71484375 0.05390625 0.08359375
0 0.86640625 0.39765625 0.06015625 0.05
0 0.25 0.734375 0.0515625 0.06484375
0 0.58359375 0.75 0.03984375 0.04609375
0 0.1765625 0.58203125 0.04140625 0.05234375
0 0.70546875 0.61875 0.03515625 0.0625
0 0.2375 0.61953125 0.0484375 0.04765625
0 0.7984375 0.46328125 0.04921875 0.04375
0 0.9546875 0.65625 0.0390625 0.0375
0 0.49609375 0.66171875 0.0328125 0.04375
0 0.56875 0.50546875 0.025 0.05234375
0 0.23828125 0.4875 0.04921875 0.05390625
0 0.87578125 0.640625 0.0515625 0.06484375
0 0.29453125 0.69453125 0.03515625 0.07734375
0 0.8875 0.41015625 0.10078125 0.075
0 0.84140625 0.71015625 0.05625 0.0625
0 0.41875 0.60703125 0.0234375 0.06015625
0 0.79921875 0.55390625 0.0421875 0.0625
0 0.91953125 0.70390625 0.05546875 0.05859375
0 0.9046875 0.425 0.0671875 0.04609375
0 0.7296875 0.68359375 0.04140625 0.05859375
0 0.975 0.4125 0.046875 0.04140625
0 0.0265625 0.5203125 0.053125 0.046875
0 0.0296875 0.48359375 0.05859375 0.05