0 0.53046875 0.40625 0.0375 0.07109375
0 0.66015625 0.48828125 0.04609375 0.06015625
0 0.7984375 0.509375 0.06015625 0.09765625
0 0.73671875 0.634375 0.0296875 0.06015625
0 0.3359375 0.40859375 0.03984375 0.09609375
0 0.24375 0.44296875 0.04140625 0.04765625
0 0.196875 0.6875 0.0625 0.05859375
0 0.86953125 0.14453125 0.07265625 0.06015625
0 0.22265625 0.49765625 0.03671875 0.05
0 0.33359375 0.43125 0.03515625 0.05
0 0.190625 0.28515625 0.05546875 0.05390625
0 0.24140625 0.62890625 0.0359375 0.0578125
0 0.265625 0.5640625 0.0453125 0.0765625
0 0.2015625 0.603125 0.05078125 0.0609375
0 0.1703125 0.52421875 0.0703125 0.08515625
0 0.1609375 0.446875 0.053125 0.06015625
0 0.16015625 0.3828125 0.053125 0.07421875
0 0.08828125 0.440625 0.05625 0.0515625
0 0.11953125 0.37421875 0.046875 0.0609375
0 0.04765625 0.32734375 0.04765625 0.078125
0 0.0828125 0.25390625 0.07734375 0.07734375
0 0.0671875 0.6046875 0.053125 0.0671875
0 0.0328125 0.48359375 0.04140625 0.06875
0 0.01640625 0.64296875 0.0328125 0.0515625
0 0.134375 0.6375 0.0421875 0.078125
0 0.0703125 0.40390625 0.04375 0.05625
0 0.02265625 0.41953125 0.04453125 0.06015625