0 0.39453125 0.51953125 0.0375 0.05625
0 0.340625 0.73203125 0.0671875 0.07265625
0 0.24765625 0.78125 0.03984375 0.08359375
0 0.4203125 0.709375 0.0234375 0.04765625
0 0.47109375 0.55859375 0.02265625 0.05390625
0 0.184375 0.75546875 0.0515625 0.06484375
0 0.44453125 0.78671875 0.0421875 0.05234375
0 0.64296875 0.72109375 0.03203125 0.05859375
0 0.26484375 0.63203125 0.0484375 0.04765625
0 0.27109375 0.57890625 0.0328125 0.0625
0 0.21875 0.421875 0.0484375 0.05234375
0 0.15078125 0.36328125 0.0625 0.04765625
0 0.05234375 0.42265625 0.06875 0.04921875
0 0.06484375 0.353125 0.06953125 0.05625
0 0.5484375 0.496875 0.025 0.04375
0 0.1921875 0.56015625 0.04140625 0.05859375
0 0.14375 0.42109375 0.0765625 0.05
0 0.69375 0.46015625 0.0328125 0.04609375
0 0.546875 0.77578125 0.0234375 0.05234375
0 0.2171875 0.68515625 0.03984375 0.05859375
0 0.7203125 0.675 0.04453125 0.07109375
0 0.4703125 0.671875 0.0328125 0.05625
0 0.33125 0.54765625 0.04609375 0.05390625
0 0.6203125 0.640625 0.0296875 0.05234375
0 0.4328125 0.59453125 0.02578125 0.07265625
0 0.04921875 0.29609375 0.05625 0.05859375
0 0.4046875 0.6625 0.0390625 0.05859375
0 0.89296875 0.73359375 0.06015625 0.05390625
0 0.15625 0.64140625 0.05390625 0.05390625
0 0.55078125 0.73125 0.02578125 0.0625
0 0.3265625 0.5 0.0421875 0.05859375
0 0.659375 0.378125 0.0328125 0.04765625
0 0.57265625 0.5640625 0.03984375 0.04765625
0 0.59375 0.59453125 0.0296875 0.053125
0 0.128125 0.56796875 0.04453125 0.0578125
0 0.1265625 0.5125 0.0671875 0.0625
0 0.08046875 0.66796875 0.053125 0.06640625
0 0.09453125 0.59765625 0.07265625 0.06015625
0 0.0328125 0.6015625 0.05390625 0.0578125
0 0.05703125 0.5265625 0.05625 0.04453125
0 0.0328125 0.45390625 0.0609375 0.04765625
0 0.6359375 0.33203125 0.03671875 0.06015625
0 0.70703125 0.60703125 0.03984375 0.05859375
0 0.93125 0.66328125 0.0515625 0.0609375
0 0.9375 0.60546875 0.03984375 0.05078125