0 0.8078125 0.5578125 0.03828125 0.05859375
0 0.7921875 0.5171875 0.0265625 0.05
0 0.803125 0.4765625 0.0421875 0.03984375
0 0.80703125 0.44140625 0.0359375 0.05
0 0.8171875 0.39765625 0.03125 0.04765625
0 0.8359375 0.353125 0.03046875 0.03125
0 0.94140625 0.565625 0.03984375 0.02734375
0 0.96015625 0.671875 0.0234375 0.03515625
0 0.7921875 0.61015625 0.028125 0.03359375
0 0.8828125 0.64609375 0.03671875 0.0734375
0 0.8875 0.59296875 0.03359375 0.04921875
0 0.9359375 0.60078125 0.04140625 0.03984375
0 0.04765625 0.50390625 0.0625 0.14140625
0 0.71953125 0.42734375 0.05 0.06328125
0 0.72109375 0.37421875 0.04375 0.04296875
0 0.83203125 0.509375 0.0265625 0.0390625