0 0.6484375 0.196875 0.034375 0.04765625
0 0.33671875 0.8125 0.03046875 0.04609375
0 0.3640625 0.54375 0.02265625 0.0375
0 0.709375 0.16171875 0.034375 0.04375
0 0.70625 0.12265625 0.02734375 0.04609375
0 0.1875 0.76015625 0.03515625 0.04609375
0 0.0828125 0.95390625 0.0578125 0.0875
0 0.14609375 0.94921875 0.0296875 0.05234375
0 0.446875 0.37578125 0.02734375 0.04375
0 0.4921875 0.40078125 0.02265625 0.05234375
0 0.7484375 0.0875 0.0328125 0.05
0 0.31796875 0.7875 0.01875 0.02890625
0 0.3390625 0.92734375 0.01640625 0.04140625
0 0.1328125 0.92734375 0.0234375 0.03359375
0 0.58125 0.453125 0.028125 0.04765625
0 0.68125 0.21796875 0.02265625 0.04375
0 0.66640625 0.259375 0.0375 0.04765625
0 0.35625 0.89296875 0.0390625 0.03515625
0 0.38359375 0.59765625 0.0203125 0.03359375
0 0.5296875 0.43046875 0.0296875 0.06015625
0 0.6234375 0.42578125 0.0328125 0.04375
0 0.590625 0.38515625 0.03046875 0.0375
0 0.9328125 0.01640625 0.0625 0.0328125
0 0.7640625 0.115625 0.03046875 0.04765625
0 0.4234375 0.48203125 0.01875 0.03984375
0 0.48671875 0.34921875 0.01640625 0.03125
0 0.178125 0.75859375 0.01875 0.04609375
0 0.428125 0.525 0.028125 0.05
0 0.59921875 0.50859375 0.03203125 0.05390625
0 0.52734375 0.41484375 0.0234375 0.03359375
0 0.34609375 0.921875 0.03046875 0.05234375
0 0.41640625 0.48515625 0.034375 0.04609375
0 0.428125 0.575 0.0203125 0.0375