0 0.73203125 0.48984375 0.053125 0.10859375
0 0.6046875 0.578125 0.028125 0.06015625
0 0.25625 0.71640625 0.05625 0.0625
0 0.59765625 0.47890625 0.04375 0.0625
0 0.48203125 0.38671875 0.02578125 0.06875
0 0.30234375 0.625 0.04375 0.05
0 0.3046875 0.475 0.0390625 0.05390625
0 0.26015625 0.615625 0.034375 0.05625
0 0.2859375 0.4 0.053125 0.04609375
0 0.271875 0.53125 0.034375 0.05
0 0.284375 0.35 0.053125 0.05
0 0.21953125 0.45859375 0.03984375 0.05
0 0.12109375 0.26328125 0.05625 0.04765625
0 0.20625 0.553125 0.04453125 0.04765625
0 0.11640625 0.61484375 0.0546875 0.0703125
0 0.128125 0.528125 0.040625 0.05234375
0 0.08046875 0.46875 0.04609375 0.08359375
0 0.12890625 0.44921875 0.0421875 0.06484375
0 0.16953125 0.39140625 0.0359375 0.065625
0 0.21484375 0.41875 0.0375 0.04140625
0 0.0171875 0.35859375 0.034375 0.03359375
0 0.196875 0.6375 0.0484375 0.05390625
0 0.05546875 0.65 0.04921875 0.07265625
0 0.04921875 0.59453125 0.040625 0.05234375
0 0.05546875 0.4125 0.04921875 0.07109375
0 0.9375 0.68359375 0.0703125 0.121875