0 0.5625 0.09609375 0.0296875 0.075
0 0.43828125 0.29453125 0.025 0.05625
0 0.52890625 0.26953125 0.0296875 0.06015625
0 0.3796875 0.53828125 0.03203125 0.06875
0 0.55625 0.29609375 0.02109375 0.05
0 0.52890625 0.478125 0.02734375 0.05625
0 0.296875 0.94453125 0.04921875 0.11015625
0 0.34296875 0.97109375 0.0203125 0.05
0 0.52109375 0.63046875 0.028125 0.06015625
0 0.50859375 0.71171875 0.0234375 0.06484375
0 0.51171875 0.85625 0.02109375 0.05390625
0 0.63671875 0.43515625 0.025 0.05859375
0 0.5078125 0.44375 0.02265625 0.04140625
0 0.25625 0.95 0.03671875 0.08359375
0 0.4546875 0.44453125 0.01796875 0.05625
0 0.42109375 0.77890625 0.02265625 0.075
0 0.33125 0.71328125 0.0234375 0.04765625
0 0.70078125 0.096875 0.03515625 0.08984375
0 0.38828125 0.834375 0.03203125 0.05625
0 0.45390625 0.928125 0.03203125 0.07265625
0 0.840625 0.28203125 0.0375 0.05625
0 0.44609375 0.98984375 0.01171875 0.01640625
0 0.65703125 0.4 0.028125 0.05390625
0 0.48671875 0.63046875 0.02734375 0.06484375
0 0.46484375 0.32109375 0.028125 0.05
0 0.3640625 0.78671875 0.02734375 0.06484375
0 0.47578125 0.70625 0.0296875 0.06640625
0 0.34765625 0.71875 0.0296875 0.07109375
0 0.36015625 0.8875 0.028125 0.05390625
0 0.534375 0.90078125 0.0296875 0.05625