0 0.890625 0.77421875 0.0671875 0.08984375
0 0.86484375 0.63203125 0.05859375 0.09765625
0 0.82578125 0.73359375 0.053125 0.07109375
0 0.56640625 0.64921875 0.0296875 0.05625
0 0.41875 0.57578125 0.02265625 0.05625
0 0.340625 0.53203125 0.0390625 0.06484375
0 0.6421875 0.43828125 0.03515625 0.04375
0 0.3875 0.78046875 0.0421875 0.06484375
0 0.48984375 0.49765625 0.02734375 0.04609375
0 0.4890625 0.74453125 0.0234375 0.10234375
0 0.60859375 0.375 0.02265625 0.04609375
0 0.13046875 0.734375 0.05390625 0.06015625
0 0.196875 0.76484375 0.046875 0.07890625
0 0.52265625 0.56875 0.04140625 0.04609375
0 0.27109375 0.43515625 0.0421875 0.05
0 0.41953125 0.671875 0.04140625 0.05625
0 0.35703125 0.709375 0.028125 0.04375
0 0.57890625 0.325 0.02265625 0.04140625
0 0.08203125 0.56015625 0.06328125 0.03671875
0 0.08046875 0.51953125 0.0703125 0.04609375
0 0.0828125 0.475 0.06640625 0.04375
0 0.09609375 0.43984375 0.075 0.05
0 0.11171875 0.36171875 0.053125 0.05625
0 0.64921875 0.61875 0.02578125 0.05
0 0.96875 0.65625 0.06015625 0.06640625
0 0.18828125 0.428125 0.07421875 0.04765625
0 0.165625 0.675 0.0421875 0.05859375
0 0.19453125 0.37734375 0.053125 0.05
0 0.57265625 0.72734375 0.0375 0.05390625
0 0.27421875 0.50625 0.03203125 0.05390625
0 0.2828125 0.55859375 0.04921875 0.05
0 0.34609375 0.6625 0.0328125 0.05859375
0 0.1046875 0.29609375 0.0609375 0.05390625
0 0.3765625 0.60703125 0.028125 0.07265625
0 0.6578125 0.66953125 0.03671875 0.06875
0 0.21484375 0.62890625 0.06015625 0.05703125
0 0.2234375 0.56953125 0.05546875 0.06171875
0 0.14453125 0.55390625 0.059375 0.06171875
0 0.10703125 0.62421875 0.0625 0.0734375
0 0.0421875 0.65859375 0.07578125 0.05859375
0 0.0453125 0.5953125 0.05 0.04921875
0 0.02265625 0.52265625 0.0453125 0.065625
0 0.059375 0.39453125 0.0625 0.05
0 0.02265625 0.36015625 0.0453125 0.04609375
0 0.26171875 0.73359375 0.034375 0.05625
0 0.29375 0.70703125 0.04453125 0.05