0 0.31640625 0.28671875 0.03671875 0.04375
0 0.5390625 0.74921875 0.034375 0.08125
0 0.2 0.71484375 0.06484375 0.0625
0 0.28671875 0.703125 0.0484375 0.07734375
0 0.40078125 0.684375 0.04375 0.06875
0 0.14375 0.38984375 0.0578125 0.04609375
0 0.38671875 0.359375 0.0390625 0.05625
0 0.46953125 0.453125 0.04453125 0.04765625
0 0.2546875 0.28046875 0.0515625 0.05234375
0 0.2640625 0.32421875 0.0421875 0.04765625
0 0.0421875 0.38515625 0.06875 0.0609375
0 0.06328125 0.33359375 0.065625 0.05859375
0 0.284375 0.64453125 0.03515625 0.03515625
0 0.2109375 0.653125 0.0484375 0.05625
0 0.27734375 0.50234375 0.03515625 0.06484375
0 0.32109375 0.49140625 0.03828125 0.0625
0 0.359375 0.4640625 0.025 0.06015625
0 0.38828125 0.41171875 0.0296875 0.05234375
0 0.28984375 0.44140625 0.06328125 0.0375
0 0.29765625 0.37265625 0.04375 0.05390625
0 0.49140625 0.64765625 0.04453125 0.10859375
0 0.44921875 0.40078125 0.0390625 0.05234375
0 0.1359375 0.65390625 0.04921875 0.05390625
0 0.18984375 0.47734375 0.046875 0.04140625
0 0.48359375 0.66640625 0.028125 0.07109375
0 0.196875 0.421875 0.04453125 0.04375
0 0.0421875 0.68046875 0.05625 0.04765625
0 0.21328125 0.37890625 0.0578125 0.04140625
0 0.1265625 0.69921875 0.05625 0.05625
0 0.0703125 0.63125 0.06328125 0.05
0 0.55 0.66328125 0.0390625 0.05625
0 0.43046875 0.44921875 0.03203125 0.03515625
0 0.20234375 0.58125 0.04375 0.0625
0 0.23828125 0.54765625 0.0453125 0.06484375
0 0.3640625 0.51328125 0.03359375 0.05703125
0 0.2390625 0.47578125 0.03984375 0.05390625
0 0.15390625 0.56015625 0.05078125 0.0515625
0 0.14453125 0.48828125 0.05390625 0.06640625
0 0.0984375 0.459375 0.06015625 0.05390625
0 0.03828125 0.5125 0.05859375 0.04765625
0 0.0515625 0.45 0.07265625 0.06640625
0 0.07265625 0.57421875 0.0734375 0.0515625