0 0.515625 0.36796875 0.0234375 0.04375
0 0.6109375 0.49609375 0.034375 0.0625
0 0.59453125 0.43515625 0.03203125 0.0375
0 0.30546875 0.93203125 0.0421875 0.07265625
0 0.97109375 0.02734375 0.05546875 0.05390625
0 0.67265625 0.19296875 0.03046875 0.05625
0 0.2953125 0.81640625 0.02265625 0.04609375
0 0.640625 0.41328125 0.03046875 0.04765625
0 0.61796875 0.37734375 0.0203125 0.0375
0 0.16171875 0.765625 0.028125 0.03984375
0 0.38359375 0.503125 0.02109375 0.03125
0 0.465625 0.34296875 0.0203125 0.04765625
0 0.44453125 0.51484375 0.02578125 0.08359375
0 0.73671875 0.17109375 0.0328125 0.05
0 0.05078125 0.93203125 0.03671875 0.04375
0 0.77578125 0.09296875 0.0328125 0.05234375
0 0.69921875 0.265625 0.02578125 0.04375
0 0.734375 0.13671875 0.02578125 0.04375
0 0.1140625 0.96640625 0.02734375 0.03359375
0 0.54921875 0.41015625 0.028125 0.0625
0 0.2796875 0.79921875 0.01796875 0.02734375
0 0.7875 0.11640625 0.03046875 0.04140625
0 0.1140625 0.95078125 0.0328125 0.06484375
0 0.31015625 0.91328125 0.03515625 0.03515625
0 0.109375 0.93359375 0.02734375 0.0375
0 0.553125 0.42109375 0.0203125 0.04140625
0 0.5078125 0.31796875 0.015625 0.02734375
0 0.29921875 0.94375 0.03046875 0.05
0 0.54453125 0.39140625 0.01875 0.0375
0 0.44609375 0.49375 0.02578125 0.04140625
0 0.4359375 0.453125 0.01796875 0.03515625
0 0.26171875 0.88203125 0.03984375 0.05234375
0 0.70078125 0.21171875 0.028125 0.04375
0 0.44296875 0.453125 0.03203125 0.03984375
0 0.053125 0.9875 0.0375 0.02109375