0 0.9421875 0.51953125 0.03046875 0.05234375
0 0.0296875 0.71015625 0.04921875 0.03359375
0 0.1546875 0.42109375 0.05078125 0.05390625
0 0.08515625 0.59140625 0.0484375 0.04609375
0 0.06484375 0.39921875 0.05390625 0.06015625
0 0.76875 0.53359375 0.0515625 0.05
0 0.97734375 0.58671875 0.04375 0.03984375
0 0.0984375 0.46953125 0.03515625 0.03984375
0 0.02578125 0.584375 0.0515625 0.02734375
0 0.02109375 0.49375 0.0421875 0.03359375
0 0.984375 0.36328125 0.028125 0.07265625
0 0.6484375 0.75546875 0.02734375 0.03515625
0 0.01796875 0.6203125 0.0359375 0.0375
0 0.86875 0.634375 0.0390625 0.03515625
0 0.19921875 0.5328125 0.0390625 0.08359375
0 0.2203125 0.48984375 0.04140625 0.05078125
0 0.2359375 0.42109375 0.05546875 0.09140625
0 0.21484375 0.6234375 0.03828125 0.1015625
0 0.25546875 0.52734375 0.021875 0.0453125
0 0.29453125 0.47890625 0.040625 0.0703125
0 0.33671875 0.64140625 0.02734375 0.0515625
0 0.34296875 0.584375 0.0375 0.05078125
0 0.33984375 0.546875 0.03984375 0.0484375
0 0.33984375 0.4921875 0.040625 0.0703125
0 0.390625 0.65234375 0.0421875 0.0890625
0 0.3875 0.55390625 0.02578125 0.046875
0 0.3796875 0.49296875 0.02734375 0.053125
0 0.43984375 0.51640625 0.03359375 0.0765625
0 0.48515625 0.4734375 0.02421875 0.04609375
0 0.50625 0.65703125 0.04921875 0.09296875
0 0.540625 0.63046875 0.0265625 0.05078125
0 0.534375 0.58671875 0.0328125 0.04765625
0 0.55234375 0.5203125 0.0375 0.07109375
0 0.5890625 0.571875 0.0375 0.0921875
0 0.453125 0.63046875 0.03359375 0.06328125
0 0.6015625 0.4921875 0.0328125 0.0515625
0 0.70078125 0.46875 0.03828125 0.05703125
0 0.7765625 0.4 0.04453125 0.0875
0 0.65 0.69453125 0.03046875 0.05390625
0 0.6609375 0.6421875 0.0265625 0.0640625
0 0.69765625 0.621875 0.03984375 0.04921875
0 0.63125 0.615625 0.03984375 0.05625
0 0.29375 0.678125 0.03515625 0.075
0 0.2546875 0.65078125 0.02890625 0.05078125
0 0.25 0.603125 0.03125 0.0609375
0 0.28515625 0.62421875 0.02109375 0.0578125
0 0.3109375 0.59296875 0.02734375 0.053125
0 0.2890625 0.56328125 0.03359375 0.053125