0 0.165625 0.15859375 0.08671875 0.08359375
0 0.20546875 0.390625 0.046875 0.06875
0 0.8953125 0.39140625 0.0421875 0.0625
0 0.28203125 0.39453125 0.046875 0.05234375
0 0.33515625 0.7125 0.05546875 0.09609375
0 0.07890625 0.35625 0.05546875 0.04140625
0 0.315625 0.51015625 0.03984375 0.09609375
0 0.1140625 0.67578125 0.0578125 0.05625
0 0.65625 0.471875 0.07265625 0.05625
0 0.41015625 0.61875 0.034375 0.04609375
0 0.034375 0.65546875 0.0484375 0.07734375
0 0.58359375 0.428125 0.028125 0.05234375
0 0.03984375 0.303125 0.05625 0.04375
0 0.01484375 0.49296875 0.0296875 0.03125
0 0.37890625 0.509375 0.0328125 0.04375
0 0.41875 0.39921875 0.0421875 0.04765625
0 0.5828125 0.36484375 0.0296875 0.05390625
0 0.675 0.47578125 0.03515625 0.04765625
0 0.66953125 0.41015625 0.0390625 0.04609375
0 0.0765625 0.45546875 0.06015625 0.03984375
0 0.5234375 0.57421875 0.03046875 0.0671875
0 0.478125 0.53046875 0.0359375 0.0484375
0 0.5203125 0.48828125 0.03671875 0.04765625
0 0.4984375 0.296875 0.0203125 0.05234375
0 0.47265625 0.45234375 0.025 0.05
0 0.1703125 0.63046875 0.0515625 0.06484375
0 0.50078125 0.40390625 0.034375 0.05
0 0.03671875 0.57109375 0.07265625 0.07109375
0 0.4125 0.559375 0.03671875 0.06015625
0 0.40546875 0.45625 0.034375 0.04140625
0 0.25078125 0.471875 0.0484375 0.08125
0 0.56796875 0.58203125 0.0328125 0.0640625
0 0.56484375 0.525 0.03203125 0.075
0 0.465625 0.57421875 0.03515625 0.04375
0 0.3140625 0.53828125 0.034375 0.03984375
0 0.015625 0.35625 0.03125 0.05625
0 0.26328125 0.50625 0.06328125 0.05