0 0.39453125 0.04140625 0.0328125 0.0828125
0 0.509375 0.10078125 0.0328125 0.09375
0 0.5734375 0.55078125 0.025 0.08125
0 0.378125 0.26015625 0.02578125 0.06640625
0 0.46796875 0.13828125 0.02734375 0.06484375
0 0.49375 0.684375 0.0328125 0.06484375
0 0.615625 0.26171875 0.0296875 0.07734375
0 0.40234375 0.28046875 0.02734375 0.07734375
0 0.62421875 0.94296875 0.03046875 0.10234375
0 0.43515625 0.67890625 0.03203125 0.05
0 0.3640625 0.734375 0.0328125 0.08125
0 0.58828125 0.26640625 0.0296875 0.0625
0 0.515625 0.97265625 0.0140625 0.05
0 0.75625 0.18671875 0.04375 0.06015625
0 0.6 0.775 0.02265625 0.04609375
0 0.390625 0.78984375 0.02734375 0.07890625
0 0.38125 0.56796875 0.0328125 0.103125
0 0.428125 0.759375 0.03046875 0.05234375
0 0.52109375 0.68984375 0.02578125 0.07109375
0 0.38828125 0.934375 0.03046875 0.07265625
0 0.546875 0.96875 0.0234375 0.05859375
0 0.603125 0.26015625 0.05859375 0.07890625
0 0.44765625 0.92265625 0.03125 0.07578125
0 0.4046875 0.584375 0.02734375 0.07734375
0 0.58515625 0.928125 0.03203125 0.08515625
0 0.60390625 0.78984375 0.0296875 0.075
0 0.46875 0.84140625 0.03203125 0.07109375
0 0.60078125 0.47421875 0.0375 0.06875
0 0.4609375 0.76484375 0.0328125 0.06640625
0 0.60859375 0.48359375 0.02265625 0.05390625
0 0.57890625 0.815625 0.034375 0.06875
0 0.4828125 0.92578125 0.0390625 0.059375