0 0.3234375 0.40546875 0.04140625 0.05234375
0 0.3625 0.50546875 0.028125 0.05234375
0 0.20859375 0.29375 0.05546875 0.0625
0 0.625 0.68359375 0.0390625 0.10390625
0 0.07734375 0.353125 0.0515625 0.04765625
0 0.93515625 0.521875 0.06015625 0.04765625
0 0.5296875 0.55625 0.0671875 0.05859375
0 0.45859375 0.40703125 0.0375 0.06484375
0 0.7984375 0.38046875 0.05390625 0.04765625
0 0.48984375 0.49375 0.0296875 0.05859375
0 0.72265625 0.60234375 0.0625 0.075
0 0.7703125 0.50390625 0.04140625 0.04609375
0 0.5171875 0.425 0.02265625 0.0625
0 0.77109375 0.653125 0.04453125 0.04375
0 0.8328125 0.60078125 0.05078125 0.09375
0 0.625 0.553125 0.0296875 0.03984375
0 0.665625 0.55703125 0.0375 0.05234375
0 0.72265625 0.53125 0.053125 0.05
0 0.14296875 0.66875 0.06796875 0.05
0 0.11953125 0.62578125 0.05625 0.06484375
0 0.678125 0.48671875 0.02578125 0.04375
0 0.803125 0.44375 0.05625 0.05859375
0 0.63359375 0.71171875 0.02109375 0.04765625
0 0.64140625 0.403125 0.034375 0.05625
0 0.5640625 0.37421875 0.03203125 0.04765625
0 0.571875 0.421875 0.01875 0.04375
0 0.89921875 0.58359375 0.05859375 0.0625
0 0.9421875 0.60625 0.04140625 0.04609375
0 0.6265625 0.609375 0.02109375 0.03125
0 0.63828125 0.5125 0.046875 0.04609375
0 0.82890625 0.58203125 0.0421875 0.05625
0 0.72265625 0.45703125 0.04453125 0.04765625