0 0.25625 0.46953125 0.01796875 0.04765625
0 0.37890625 0.365625 0.01875 0.04296875
0 0.4 0.3453125 0.0265625 0.0453125
0 0.40859375 0.30078125 0.02578125 0.040625
0 0.45859375 0.24296875 0.01875 0.03984375
0 0.55390625 0.86171875 0.0140625 0.03125
0 0.4171875 0.54375 0.025 0.05703125
0 0.4390625 0.521875 0.01640625 0.04375
0 0.47109375 0.53984375 0.021875 0.03828125
0 0.49921875 0.503125 0.01796875 0.03515625
0 0.5359375 0.53125 0.015625 0.04140625
0 0.4609375 0.71484375 0.01640625 0.03359375
0 0.34140625 0.278125 0.0234375 0.04375
0 0.5453125 0.74453125 0.01328125 0.02734375
0 0.6140625 0.97890625 0.01640625 0.0375
0 0.765625 0.903125 0.03203125 0.05625
0 0.2109375 0.01171875 0.01875 0.02265625
0 0.503125 0.83515625 0.01328125 0.02109375
0 0.49140625 0.76015625 0.01171875 0.025
0 0.53671875 0.62265625 0.01171875 0.025
0 0.49609375 0.715625 0.01875 0.03515625
0 0.34296875 0.36171875 0.015625 0.03125
0 0.4546875 0.63359375 0.0203125 0.03359375
0 0.09921875 0.30859375 0.015625 0.025
0 0.3765625 0.4765625 0.0203125 0.046875
0 0.390625 0.46328125 0.015625 0.03671875
0 0.41015625 0.4859375 0.02109375 0.03515625
0 0.41171875 0.425 0.01875 0.053125
0 0.4234375 0.4078125 0.01875 0.0453125
0 0.43203125 0.48046875 0.0125 0.0390625
0 0.4515625 0.47265625 0.0203125 0.0296875
0 0.45625 0.43046875 0.02109375 0.03125
0 0.38984375 0.471875 0.0140625 0.03515625
0 0.61484375 0.95703125 0.01875 0.03515625
0 0.48203125 0.63046875 0.01875 0.04375
0 0.39375 0.52578125 0.01328125 0.03125
0 0.55703125 0.72890625 0.01328125 0.02109375
0 0.47265625 0.578125 0.015625 0.02265625
0 0.67578125 0.98125 0.01875 0.03359375
0 0.2609375 0.484375 0.01640625 0.03515625
0 0.3640625 0.365625 0.01796875 0.02734375
0 0.54765625 0.81015625 0.0109375 0.02109375
0 0.5203125 0.81328125 0.01640625 0.02734375
0 0.3328125 0.38515625 0.015625 0.025
0 0.7734375 0.91484375 0.0140625 0.02890625
0 0.43125 0.63828125 0.015625 0.03515625
0 0.42421875 0.37265625 0.01640625 0.03984375
0 0.4453125 0.39140625 0.0140625 0.025
0 0.4375 0.3359375 0.0140625 0.0375
0 0.45234375 0.3484375 0.02265625 0.0453125