0 0.66640625 0.778125 0.0390625 0.08125
0 0.68203125 0.56484375 0.0421875 0.05859375
0 0.0875 0.30703125 0.07890625 0.06875
0 0.80390625 0.78515625 0.0703125 0.075
0 0.27890625 0.80390625 0.04609375 0.07109375
0 0.08515625 0.40078125 0.0765625 0.06015625
0 0.6265625 0.59375 0.05546875 0.0625
0 0.48828125 0.90234375 0.046875 0.0625
0 0.5109375 0.51875 0.04921875 0.05
0 0.609375 0.68671875 0.04609375 0.11015625
0 0.2671875 0.45703125 0.05546875 0.06015625
0 0.7625 0.60625 0.0625 0.05859375
0 0.39609375 0.82109375 0.03203125 0.075
0 0.15859375 0.69140625 0.04453125 0.06640625
0 0.74140625 0.72421875 0.065625 0.07265625
0 0.23203125 0.628125 0.04453125 0.07734375
0 0.3640625 0.37890625 0.053125 0.08359375
0 0.36640625 0.47734375 0.04609375 0.05390625
0 0.5953125 0.50078125 0.02734375 0.05234375
0 0.31484375 0.5125 0.0421875 0.04609375
0 0.77734375 0.68203125 0.06484375 0.06875
0 0.32578125 0.68359375 0.03671875 0.06640625
0 0.54921875 0.43828125 0.02578125 0.05625
0 0.278125 0.55859375 0.02578125 0.04140625
0 0.11640625 0.6 0.0671875 0.05859375
0 0.45625 0.48515625 0.03046875 0.05859375
0 0.1140625 0.65 0.0390625 0.04140625
0 0.2734375 0.6875 0.04453125 0.0625
0 0.05234375 0.45234375 0.0625 0.0625
0 0.4609375 0.56875 0.0484375 0.075
0 0.56640625 0.640625 0.04375 0.07265625
0 0.01484375 0.63828125 0.0296875 0.05234375
0 0.390625 0.75859375 0.06484375 0.0625
0 0.47265625 0.66171875 0.0234375 0.06484375
0 0.2703125 0.33828125 0.04140625 0.07265625
0 0.2578125 0.27578125 0.0484375 0.05234375
0 0.5671875 0.59609375 0.04375 0.05859375
0 0.16328125 0.33984375 0.08359375 0.125