0 0.37578125 0.76484375 0.03046875 0.0625
0 0.975 0.40703125 0.0484375 0.04375
0 0.853125 0.41484375 0.05390625 0.04140625
0 0.86875 0.546875 0.0625 0.05234375
0 0.11640625 0.66015625 0.07421875 0.05
0 0.440625 0.81953125 0.03671875 0.06015625
0 0.81953125 0.63046875 0.04609375 0.06484375
0 0.57578125 0.51875 0.02265625 0.05390625
0 0.1234375 0.55703125 0.05078125 0.05234375
0 0.18515625 0.49375 0.06484375 0.05859375
0 0.04921875 0.41875 0.09140625 0.05390625
0 0.65390625 0.55 0.03046875 0.05859375
0 0.3078125 0.67421875 0.03671875 0.05234375
0 0.81484375 0.36875 0.05546875 0.05
0 0.44453125 0.66640625 0.025 0.05
0 0.92890625 0.69921875 0.06015625 0.06875
0 0.76328125 0.76484375 0.03984375 0.05859375
0 0.5234375 0.746875 0.03515625 0.06015625
0 0.77734375 0.71796875 0.05078125 0.06015625
0 0.446875 0.78671875 0.034375 0.03984375
0 0.4671875 0.60625 0.02109375 0.0625
0 0.64375 0.76171875 0.034375 0.06015625
0 0.29375 0.55078125 0.0296875 0.04375
0 0.8546875 0.703125 0.053125 0.06484375
0 0.9 0.64296875 0.034375 0.03984375
0 0.190625 0.61171875 0.05078125 0.04375
0 0.5109375 0.54453125 0.0359375 0.0625
0 0.51640625 0.478125 0.03046875 0.05625
0 0.02578125 0.37890625 0.0515625 0.04609375
0 0.25078125 0.70625 0.053125 0.05
0 0.30078125 0.49765625 0.0390625 0.05390625
0 0.74609375 0.47421875 0.0375 0.04765625
0 0.409375 0.69296875 0.034375 0.06015625
0 0.54765625 0.725 0.04375 0.05390625
0 0.20078125 0.55078125 0.08671875 0.04765625
0 0.2546875 0.63046875 0.04921875 0.06015625
0 0.74453125 0.540625 0.04609375 0.05234375
0 0.60625 0.675 0.0515625 0.0875
0 0.64296875 0.61484375 0.0234375 0.07109375
0 0.665625 0.68359375 0.0375 0.05859375
0 0.19140625 0.753125 0.04921875 0.05234375
0 0.3640625 0.58828125 0.02109375 0.05625
0 0.76171875 0.59140625 0.04453125 0.05