0 0.38203125 0.20234375 0.03671875 0.08359375
0 0.75 0.43828125 0.0421875 0.05234375
0 0.284375 0.40234375 0.0390625 0.05859375
0 0.64375 0.55078125 0.0390625 0.08125
0 0.16640625 0.49140625 0.046875 0.05390625
0 0.396875 0.4625 0.03515625 0.0875
0 0.25078125 0.68203125 0.05078125 0.12265625
0 0.34921875 0.39765625 0.03203125 0.05390625
0 0.03515625 0.559375 0.06796875 0.08125
0 0.14375 0.32109375 0.053125 0.05
0 0.45859375 0.52265625 0.0203125 0.04609375
0 0.73359375 0.49296875 0.07734375 0.06484375
0 0.58984375 0.32265625 0.05078125 0.05390625
0 0.6578125 0.42265625 0.0296875 0.05390625
0 0.50546875 0.515625 0.0296875 0.06484375
0 0.54453125 0.60703125 0.04140625 0.078125
0 0.5625 0.559375 0.0359375 0.05078125
0 0.55390625 0.478125 0.0328125 0.05234375
0 0.34375 0.49375 0.0703125 0.0875
0 0.478125 0.65703125 0.0203125 0.04375
0 0.60234375 0.5875 0.02734375 0.05859375
0 0.6484375 0.375 0.04375 0.075
0 0.0203125 0.63359375 0.03984375 0.06640625
0 0.453125 0.40390625 0.0328125 0.05
0 0.4828125 0.48203125 0.0328125 0.0421875
0 0.50078125 0.42109375 0.04140625 0.05390625
0 0.48359375 0.60078125 0.034375 0.04921875
0 0.4859375 0.5671875 0.0265625 0.03515625