0 0.578125 0.590625 0.025 0.05625
0 0.096875 0.46328125 0.04609375 0.04375
0 0.3265625 0.46484375 0.03203125 0.04609375
0 0.23515625 0.45625 0.034375 0.04140625
0 0.18515625 0.48125 0.05390625 0.04140625
0 0.921875 0.93203125 0.025 0.04765625
0 0.534375 0.509375 0.03671875 0.04765625
0 0.13125 0.57890625 0.06953125 0.05
0 0.8859375 0.665625 0.0484375 0.03515625
0 0.28828125 0.40546875 0.03671875 0.05234375
0 0.03671875 0.89140625 0.0609375 0.0875
0 0.75625 0.346875 0.0390625 0.05625
0 0.83046875 0.4625 0.053125 0.05390625
0 0.921875 0.75390625 0.0578125 0.04609375
0 0.42734375 0.35078125 0.03515625 0.05625
0 0.284375 0.53984375 0.03515625 0.04609375
0 0.77109375 0.53984375 0.04921875 0.04609375
0 0.40859375 0.5984375 0.03203125 0.0875
0 0.46328125 0.60859375 0.025 0.05390625
0 0.6953125 0.51953125 0.02734375 0.03984375
0 0.30234375 0.61640625 0.0453125 0.06484375
0 0.33046875 0.54375 0.03203125 0.04609375
0 0.98515625 0.46015625 0.02734375 0.04609375
0 0.51953125 0.43828125 0.034375 0.04375
0 0.46796875 0.42890625 0.04140625 0.05859375
0 0.65546875 0.4609375 0.03671875 0.0640625
0 0.6515625 0.40703125 0.03515625 0.05546875
0 0.678125 0.37265625 0.02890625 0.0734375
0 0.73125 0.30625 0.03515625 0.05859375
0 0.375 0.65390625 0.02265625 0.04140625
0 0.4703125 0.54453125 0.03515625 0.03984375
0 0.70390625 0.61953125 0.028125 0.03125
0 0.10078125 0.52890625 0.0375 0.0375
0 0.8875 0.53203125 0.04453125 0.04375
0 0.43046875 0.49765625 0.0375 0.05859375
0 0.91640625 0.59296875 0.0484375 0.04765625
0 0.74296875 0.58828125 0.0421875 0.03984375
0 0.82890625 0.5625 0.053125 0.04609375
0 0.98828125 0.62109375 0.02109375 0.0375
0 0.35703125 0.615625 0.025 0.04765625
0 0.00703125 0.3875 0.0140625 0.04609375