0 0.4515625 0.04921875 0.034375 0.09765625
0 0.5578125 0.5375 0.04140625 0.1
0 0.3546875 0.4125 0.04140625 0.075
0 0.3390625 0.09296875 0.0375 0.08984375
0 0.47265625 0.41640625 0.03515625 0.07109375
0 0.6875 0.83984375 0.0578125 0.11640625
0 0.4 0.590625 0.03515625 0.07265625
0 0.6328125 0.45390625 0.03984375 0.08359375
0 0.58359375 0.47578125 0.04609375 0.07265625
0 0.53125 0.653125 0.03203125 0.08125
0 0.4421875 0.20859375 0.034375 0.07109375
0 0.703125 0.75703125 0.0421875 0.08125
0 0.3921875 0.43046875 0.03046875 0.05234375
0 0.4328125 0.71875 0.04921875 0.07890625
0 0.30546875 0.0875 0.0421875 0.07890625
0 0.5484375 0.37734375 0.034375 0.06640625
0 0.68984375 0.01171875 0.03984375 0.02265625
0 0.4140625 0.228125 0.028125 0.06015625
0 0.5703125 0.33046875 0.0375 0.04765625
0 0.49296875 0.70078125 0.03515625 0.06875