0 0.2578125 0.29140625 0.0390625 0.04609375
0 0.48125 0.459375 0.0390625 0.0625
0 0.5203125 0.45859375 0.0390625 0.05
0 0.484375 0.678125 0.02578125 0.05625
0 0.1234375 0.36640625 0.05859375 0.05859375
0 0.4359375 0.359375 0.0296875 0.05625
0 0.13984375 0.70625 0.06796875 0.05859375
0 0.74609375 0.5875 0.0390625 0.05390625
0 0.3734375 0.525 0.0359375 0.06796875
0 0.41328125 0.53046875 0.0421875 0.0609375
0 0.40703125 0.47734375 0.0328125 0.06015625
0 0.4328125 0.409375 0.03046875 0.05234375
0 0.5015625 0.390625 0.0390625 0.04765625
0 0.2140625 0.409375 0.05546875 0.05234375
0 0.41640625 0.68359375 0.04453125 0.07109375
0 0.0296875 0.35703125 0.04921875 0.06875
0 0.20625 0.33515625 0.0484375 0.0375
0 0.48359375 0.76171875 0.0328125 0.06015625
0 0.3296875 0.70546875 0.0375 0.03984375
0 0.1984375 0.28984375 0.05859375 0.05390625
0 0.28671875 0.5015625 0.03984375 0.04296875
0 0.2859375 0.46171875 0.0390625 0.046875
0 0.31171875 0.4140625 0.0375 0.065625
0 0.34375 0.36640625 0.025 0.05234375
0 0.2859375 0.559375 0.0359375 0.0609375
0 0.32421875 0.5046875 0.0359375 0.0578125
0 0.1921875 0.503125 0.04140625 0.06640625
0 0.23515625 0.4921875 0.040625 0.05859375
0 0.146875 0.5828125 0.05234375 0.0734375
0 0.14296875 0.48515625 0.04453125 0.05703125
0 0.1 0.5296875 0.0546875 0.05546875
0 0.09296875 0.45859375 0.0671875 0.06484375
0 0.08359375 0.40546875 0.05703125 0.0515625
0 0.05546875 0.54453125 0.05 0.065625
0 0.0640625 0.684375 0.06953125 0.0578125
0 0.07421875 0.63828125 0.0546875 0.0546875
0 0.971875 0.5484375 0.05234375 0.06640625
0 0.27265625 0.390625 0.05703125 0.0578125
0 0.4421875 0.64375 0.04140625 0.05546875
0 0.21796875 0.7046875 0.0421875 0.0875
0 0.21796875 0.6359375 0.0328125 0.06171875
0 0.15390625 0.64140625 0.06328125 0.05390625