0 0.2296875 0.48046875 0.02578125 0.06484375
0 0.51796875 0.48203125 0.015625 0.04375
0 0.63984375 0.84765625 0.0234375 0.06640625
0 0.58671875 0.93828125 0.0140625 0.04375
0 0.525 0.81953125 0.02265625 0.03515625
0 0.48046875 0.79375 0.015625 0.02109375
0 0.38671875 0.48359375 0.034375 0.06328125
0 0.41328125 0.6046875 0.02734375 0.07890625
0 0.409375 0.50703125 0.0203125 0.04921875
0 0.4390625 0.50546875 0.0328125 0.05
0 0.4390625 0.44296875 0.03046875 0.059375
0 0.47734375 0.465625 0.0140625 0.03125
0 0.49609375 0.675 0.02109375 0.04609375
0 0.36171875 0.315625 0.0234375 0.04375
0 0.45859375 0.60625 0.02109375 0.04140625
0 0.48203125 0.60859375 0.0140625 0.0328125
0 0.43984375 0.584375 0.01875 0.04296875
0 0.4546875 0.56328125 0.01953125 0.0328125
0 0.478125 0.57421875 0.01875 0.0375
0 0.5 0.58671875 0.015625 0.03125
0 0.51953125 0.5875 0.0109375 0.03359375
0 0.4609375 0.41484375 0.0140625 0.0375
0 0.4609375 0.66015625 0.0140625 0.02890625
0 0.39453125 0.38828125 0.0140625 0.02734375
0 0.37890625 0.496875 0.0140625 0.03125
0 0.46328125 0.72421875 0.01171875 0.02265625
0 0.56796875 0.78125 0.01640625 0.025
0 0.22109375 0.01875 0.025 0.0375
0 0.3171875 0.325 0.0140625 0.02890625
0 0.30546875 0.68359375 0.02109375 0.0375
0 0.34609375 0.33046875 0.01640625 0.03515625
0 0.41171875 0.19765625 0.01875 0.03359375
0 0.42578125 0.3625 0.015625 0.04140625
0 0.39765625 0.19609375 0.0140625 0.0375
0 0.33359375 0.35703125 0.015625 0.03125
0 0.4 0.278125 0.01328125 0.02734375
0 0.51796875 0.54140625 0.02265625 0.0375
0 0.43515625 0.31640625 0.0140625 0.03359375
0 0.4140625 0.371875 0.0140625 0.03984375
0 0.4953125 0.775 0.01640625 0.025
0 0.6796875 0.72890625 0.028125 0.05390625
0 0.30546875 0.35234375 0.01640625 0.025
0 0.6453125 0.865625 0.01328125 0.03125
0 0.0859375 0.29609375 0.01328125 0.025
0 0.3625 0.43515625 0.01640625 0.02890625
0 0.228125 0.49765625 0.02265625 0.03359375
0 0.6859375 0.73828125 0.015625 0.03125
0 0.43828125 0.65859375 0.0203125 0.0375
0 0.52734375 0.721875 0.01875 0.03125
0 0.52734375 0.709375 0.02265625 0.05625
0 0.41875 0.3125 0.01875 0.04140625
0 0.36171875 0.190625 0.009375 0.02734375
0 0.9921875 0.875 0.01328125 0.07109375
0 0.37109375 0.43046875 0.034375 0.04375
0 0.5875 0.915625 0.0203125 0.03984375
0 0.58125 0.765625 0.0203125 0.03359375