0 0.2296875 0.30234375 0.0421875 0.05
0 0.54765625 0.45625 0.03671875 0.04609375
0 0.53125 0.39140625 0.0390625 0.05
0 0.7921875 0.61171875 0.05625 0.05234375
0 0.10546875 0.696875 0.0703125 0.06015625
0 0.39921875 0.653125 0.0265625 0.03984375
0 0.45234375 0.734375 0.03671875 0.12734375
0 0.45625 0.409375 0.0375 0.05234375
0 0.15625 0.38671875 0.05390625 0.04375
0 0.29296875 0.69375 0.0390625 0.0625
0 0.51015625 0.453125 0.03671875 0.03515625
0 0.4421875 0.5484375 0.04921875 0.04296875
0 0.3921875 0.53828125 0.0375 0.0875
0 0.43359375 0.49609375 0.04140625 0.05
0 0.38828125 0.43984375 0.04140625 0.05625
0 0.3421875 0.41484375 0.04296875 0.0484375
0 0.37734375 0.37265625 0.04140625 0.04609375
0 0.89375 0.51875 0.04609375 0.04140625
0 0.3703125 0.69296875 0.034375 0.06015625
0 0.05859375 0.37265625 0.05859375 0.05859375
0 0.16640625 0.29609375 0.0578125 0.04609375
0 0.19453125 0.68203125 0.05078125 0.06875
0 0.303125 0.56875 0.04453125 0.05703125
0 0.3046875 0.5109375 0.0421875 0.059375
0 0.346875 0.52109375 0.0296875 0.04921875
0 0.3109375 0.47421875 0.034375 0.0578125
0 0.353125 0.46640625 0.034375 0.0609375
0 0.21953125 0.51484375 0.046875 0.06328125
0 0.25703125 0.50546875 0.03828125 0.0625
0 0.275 0.440625 0.04375 0.05859375
0 0.3015625 0.3953125 0.04375 0.0703125
0 0.24296875 0.40625 0.0484375 0.06953125
0 0.1671875 0.48515625 0.04375 0.053125
0 0.11875 0.4703125 0.05234375 0.053125
0 0.11796875 0.421875 0.06015625 0.053125
0 0.078125 0.51015625 0.0578125 0.06484375
0 0.02734375 0.5234375 0.0453125 0.05234375
0 0.12421875 0.63125 0.06328125 0.06015625
0 0.1171875 0.58984375 0.06484375 0.0421875
0 0.125 0.55390625 0.06171875 0.05546875
0 0.028125 0.68125 0.05390625 0.05078125
0 0.04296875 0.63046875 0.059375 0.0515625
0 0.46015625 0.35703125 0.0390625 0.0546875
0 0.196875 0.63125 0.04765625 0.05