0 0.38359375 0.51484375 0.04140625 0.10390625
0 0.4875 0.71640625 0.0203125 0.05859375
0 0.4453125 0.61640625 0.02265625 0.07109375
0 0.590625 0.53203125 0.04609375 0.09375
0 0.65859375 0.52265625 0.028125 0.05390625
0 0.4625 0.76484375 0.028125 0.05859375
0 0.28046875 0.759375 0.04921875 0.10234375
0 0.0578125 0.48125 0.075 0.1
0 0.55546875 0.621875 0.02265625 0.06484375
0 0.20078125 0.675 0.05859375 0.05390625
0 0.2609375 0.48828125 0.0328125 0.06484375
0 0.5296875 0.79921875 0.02578125 0.07734375
0 0.9609375 0.60234375 0.04609375 0.04140625
0 0.5234375 0.65546875 0.03046875 0.05234375
0 0.27734375 0.55078125 0.07890625 0.04765625
0 0.734375 0.5375 0.04609375 0.05390625
0 0.3890625 0.67890625 0.034375 0.05390625
0 0.9796875 0.428125 0.0375 0.04375
0 0.20625 0.590625 0.03984375 0.05234375
0 0.8359375 0.565625 0.05859375 0.08125
0 0.8890625 0.403125 0.06484375 0.04765625
0 0.7375 0.61328125 0.0390625 0.07734375
0 0.2578125 0.62265625 0.03671875 0.0625
0 0.74453125 0.70234375 0.0421875 0.05625
0 0.76171875 0.690625 0.0421875 0.05625
0 0.6140625 0.73828125 0.0375 0.05234375
0 0.8578125 0.74375 0.046875 0.0625
0 0.90234375 0.65078125 0.05859375 0.05234375
0 0.821875 0.46796875 0.05859375 0.05234375
0 0.63828125 0.715625 0.0390625 0.05625
0 0.93203125 0.43203125 0.05859375 0.03984375
0 0.3234375 0.66328125 0.0296875 0.08515625
0 0.8734375 0.709375 0.0609375 0.05234375