0 0.62734375 0.74921875 0.05078125 0.07734375
0 0.3796875 0.675 0.04375 0.1125
0 0.275 0.625 0.04296875 0.06015625
0 0.2859375 0.57734375 0.053125 0.05703125
0 0.29140625 0.50859375 0.05 0.05859375
0 0.25859375 0.478125 0.04765625 0.0671875
0 0.29296875 0.44140625 0.04765625 0.06796875
0 0.31484375 0.35703125 0.03203125 0.05859375
0 0.3375 0.271875 0.04375 0.04765625
0 0.28046875 0.71015625 0.046875 0.05859375
0 0.40078125 0.30546875 0.03203125 0.04375
0 0.346875 0.315625 0.03671875 0.04375
0 0.21796875 0.72421875 0.04921875 0.06484375
0 0.1296875 0.71171875 0.0578125 0.06015625
0 0.58671875 0.653125 0.0390625 0.0546875
0 0.61484375 0.60859375 0.0359375 0.0578125
0 0.659375 0.63046875 0.0296875 0.05234375
0 0.38828125 0.40390625 0.04375 0.053125
0 0.3203125 0.4140625 0.04296875 0.05078125
0 0.26171875 0.35859375 0.046875 0.0796875
0 0.1734375 0.5171875 0.0484375 0.053125
0 0.2109375 0.48125 0.05703125 0.0640625
0 0.23515625 0.578125 0.05078125 0.06484375
0 0.29921875 0.65703125 0.03671875 0.05234375
0 0.15625 0.6484375 0.0609375 0.0578125
0 0.18203125 0.59453125 0.04921875 0.059375
0 0.1421875 0.596875 0.05 0.06328125
0 0.1140625 0.5359375 0.059375 0.05546875
0 0.1765625 0.459375 0.05 0.0578125
0 0.20078125 0.43203125 0.05546875 0.05703125
0 0.11875 0.346875 0.0703125 0.0484375
0 0.171875 0.36328125 0.0421875 0.0640625
0 0.21328125 0.33125 0.05234375 0.05546875
0 0.128125 0.45234375 0.0578125 0.0671875
0 0.0921875 0.46640625 0.06171875 0.04609375
0 0.04296875 0.52890625 0.0578125 0.04921875
0 0.03046875 0.496875 0.05390625 0.0390625
0 0.04375 0.434375 0.05234375 0.06171875
0 0.03515625 0.62578125 0.0546875 0.0578125
0 0.0765625 0.6640625 0.05703125 0.0625
0 0.50078125 0.68359375 0.04765625 0.08515625
0 0.5546875 0.5171875 0.02890625 0.06328125
0 0.22578125 0.67734375 0.0453125 0.04609375