0 0.1359375 0.48046875 0.053125 0.04765625
0 0.109375 0.30859375 0.06015625 0.05
0 0.0421875 0.64765625 0.0609375 0.0625
0 0.7203125 0.42578125 0.03984375 0.04765625
0 0.32421875 0.3375 0.02734375 0.04140625
0 0.4265625 0.403125 0.03203125 0.05625
0 0.55078125 0.415625 0.02578125 0.04765625
0 0.32421875 0.39453125 0.03515625 0.04765625
0 0.47578125 0.4125 0.034375 0.04609375
0 0.25859375 0.39765625 0.0421875 0.0625
0 0.3 0.19375 0.03671875 0.07890625
0 0.43203125 0.51015625 0.0234375 0.04609375
0 0.46484375 0.5875 0.03671875 0.0828125
0 0.51484375 0.6 0.02734375 0.05
0 0.4515625 0.64453125 0.0234375 0.04765625
0 0.02265625 0.36875 0.04453125 0.0375
0 0.7234375 0.48671875 0.0390625 0.04765625
0 0.52578125 0.46875 0.028125 0.05390625
0 0.62578125 0.375 0.0375 0.05
0 0.52734375 0.55390625 0.02734375 0.04609375
0 0.28203125 0.68046875 0.0421875 0.08125
0 0.625 0.42421875 0.04375 0.05625
0 0.57421875 0.4875 0.0390625 0.05
0 0.08828125 0.56875 0.07734375 0.06640625
0 0.5796875 0.56875 0.02578125 0.04140625
0 0.36796875 0.45390625 0.034375 0.05390625
0 0.61796875 0.56328125 0.025 0.04765625
0 0.475 0.50625 0.0296875 0.05
0 0.1 0.55546875 0.053125 0.03984375
0 0.6921875 0.32265625 0.04921875 0.05859375
0 0.6859375 0.475 0.0390625 0.0375
0 0.36875 0.50390625 0.0234375 0.03359375
0 0.61171875 0.51875 0.02734375 0.04609375
0 0.453125 0.46484375 0.03984375 0.04140625
0 0.2859375 0.71875 0.04375 0.0625
0 0.30078125 0.46953125 0.04140625 0.04375
0 0.3171875 0.5125 0.0625 0.04609375