0 0.86171875 0.78984375 0.06796875 0.06640625
0 0.5015625 0.70546875 0.02578125 0.05234375
0 0.76328125 0.48671875 0.05390625 0.08984375
0 0.165625 0.484375 0.046875 0.04765625
0 0.84765625 0.7 0.03984375 0.05859375
0 0.715625 0.8125 0.04921875 0.1
0 0.6078125 0.753125 0.0328125 0.06484375
0 0.7890625 0.703125 0.0328125 0.07265625
0 0.4609375 0.48984375 0.025 0.04140625
0 0.66015625 0.51796875 0.034375 0.07265625
0 0.67109375 0.684375 0.03203125 0.07265625
0 0.44609375 0.43046875 0.03515625 0.06484375
0 0.609375 0.64296875 0.02265625 0.06015625
0 0.96328125 0.571875 0.0703125 0.05234375
0 0.8875 0.65625 0.07265625 0.05
0 0.6546875 0.58359375 0.07890625 0.05
0 0.95 0.81953125 0.04609375 0.07734375
0 0.5796875 0.60703125 0.03984375 0.05234375
0 0.746875 0.69921875 0.02734375 0.04765625
0 0.10703125 0.59921875 0.05078125 0.04375
0 0.48359375 0.63671875 0.046875 0.05625
0 0.9640625 0.61640625 0.06953125 0.05
0 0.94609375 0.67734375 0.03984375 0.07109375
0 0.475 0.57109375 0.034375 0.03359375
0 0.10546875 0.52734375 0.0609375 0.04140625
0 0.98359375 0.75625 0.03046875 0.0375
0 0.67578125 0.76171875 0.0296875 0.05625
0 0.73515625 0.70546875 0.05078125 0.06015625
0 0.0390625 0.575 0.05390625 0.06640625