0 0.409375 0.228125 0.0296875 0.06015625
0 0.628125 0.48828125 0.03046875 0.07265625
0 0.42109375 0.59765625 0.02734375 0.0625
0 0.43046875 0.51640625 0.0296875 0.05859375
0 0.340625 0.84609375 0.034375 0.06640625
0 0.47578125 0.72890625 0.04140625 0.10859375
0 0.3734375 0.48515625 0.0234375 0.05859375
0 0.49921875 0.53984375 0.03203125 0.07109375
0 0.5625 0.753125 0.0296875 0.04375
0 0.5234375 0.86171875 0.0234375 0.07734375
0 0.48203125 0.88515625 0.0296875 0.075
0 0.39765625 0.459375 0.0296875 0.06484375
0 0.484375 0.959375 0.0328125 0.07734375
0 0.4296875 0.746875 0.0234375 0.06015625
0 0.48046875 0.534375 0.02734375 0.07265625
0 0.36171875 0.903125 0.02109375 0.07734375
0 0.60625 0.48359375 0.0296875 0.0625
0 0.3640625 0.7390625 0.0390625 0.0828125
0 0.39140625 0.7375 0.02265625 0.07890625
0 0.58828125 0.66796875 0.03671875 0.05625
0 0.51328125 0.94296875 0.025 0.08984375
0 0.77578125 0.271875 0.03515625 0.06484375
0 0.54921875 0.9546875 0.0390625 0.090625
0 0.5796875 0.9421875 0.04296875 0.0703125