0 0.47734375 0.11328125 0.0375 0.08515625
0 0.6015625 0.53671875 0.0515625 0.06875
0 0.64375 0.50859375 0.03671875 0.05
0 0.690625 0.91796875 0.06015625 0.10625
0 0.40234375 0.48203125 0.03203125 0.05625
0 0.69609375 0.81953125 0.046875 0.08515625
0 0.71171875 0.028125 0.071875 0.05625
0 0.403125 0.634375 0.03203125 0.07734375
0 0.47421875 0.63359375 0.03046875 0.07109375
0 0.42890625 0.08671875 0.0296875 0.09765625
0 0.56640625 0.609375 0.03671875 0.08984375
0 0.56015625 0.43203125 0.0328125 0.06875
0 0.4359375 0.759375 0.05078125 0.08984375
0 0.5125 0.584375 0.03671875 0.06484375
0 0.5796875 0.38828125 0.0375 0.05625
0 0.35234375 0.15703125 0.03203125 0.09375
0 0.4046875 0.10078125 0.025 0.06484375
0 0.3671875 0.45546875 0.03515625 0.05234375
0 0.3234375 0.14765625 0.0390625 0.07109375
0 0.4625 0.30234375 0.0375 0.05859375