0 0.68203125 0.75078125 0.04921875 0.09375
0 0.18515625 0.73671875 0.05390625 0.06015625
0 0.315625 0.45390625 0.040625 0.05
0 0.3515625 0.459375 0.04140625 0.04375
0 0.35234375 0.41015625 0.0375 0.05
0 0.20390625 0.29609375 0.0515625 0.05390625
0 0.35859375 0.66015625 0.034375 0.05859375
0 0.3390625 0.72109375 0.03984375 0.05859375
0 0.40234375 0.328125 0.0375 0.04765625
0 0.2921875 0.57421875 0.0515625 0.04765625
0 0.23515625 0.59453125 0.0390625 0.05625
0 0.72421875 0.628125 0.03984375 0.04375
0 0.425 0.61640625 0.02109375 0.04140625
0 0.57421875 0.67734375 0.03984375 0.05859375
0 0.38984375 0.27578125 0.028125 0.04765625
0 0.45390625 0.33828125 0.0375 0.04765625
0 0.27421875 0.74296875 0.034375 0.05625
0 0.140625 0.68046875 0.046875 0.04765625
0 0.21015625 0.65625 0.03515625 0.05390625
0 0.43671875 0.671875 0.0328125 0.08125
0 0.48671875 0.50078125 0.0328125 0.05625
0 0.66875 0.61953125 0.03671875 0.03125
0 0.25 0.50078125 0.05703125 0.059375
0 0.25546875 0.45 0.05390625 0.06171875
0 0.2765625 0.40078125 0.04921875 0.05546875
0 0.27734375 0.34765625 0.046875 0.05859375
0 0.653125 0.65625 0.03671875 0.05
0 0.33046875 0.63125 0.03828125 0.05625
0 0.34609375 0.58515625 0.0578125 0.05625
0 0.075 0.69375 0.0515625 0.06796875
0 0.0921875 0.63203125 0.06171875 0.06953125
0 0.09921875 0.54296875 0.071875 0.059375
0 0.12890625 0.48984375 0.04609375 0.04765625
0 0.1578125 0.54765625 0.05078125 0.05625
0 0.16796875 0.475 0.03828125 0.07421875
0 0.203125 0.4421875 0.04921875 0.0578125
0 0.12734375 0.4359375 0.04375 0.05234375
0 0.1578125 0.39765625 0.0546875 0.059375
0 0.0828125 0.4484375 0.053125 0.04921875
0 0.0546875 0.371875 0.0625 0.05703125
0 0.05859375 0.321875 0.06796875 0.059375
0 0.1140625 0.321875 0.05390625 0.0625
0 0.16015625 0.31015625 0.04453125 0.0671875
0 0.14375 0.6171875 0.0578125 0.078125
0 0.1796875 0.6015625 0.0359375 0.09921875
0 0.0453125 0.59921875 0.06875 0.053125
0 0.03203125 0.53671875 0.04765625 0.06328125
0 0.0421875 0.46171875 0.05625 0.05859375
0 0.28125 0.69140625 0.04375 0.075