0 0.3032527574077549 0.627873592202797 0.09193510422967606 0.18611894716766528
0 0.16695375886388927 0.7891340834693403 0.08464343756300934 0.18559074690294156
0 0.2067262624740511 0.3692683226805475 0.10860177089634267 0.1873262620584628
0 0.4756512035826161 0.8790242729513464 0.08146994744143517 0.1816606716572132
0 0.4982028879167133 0.7335752944749829 0.0657964573198612 0.1768251102433872
0 0.2034848273795837 0.7973306403485151 0.07313661410810196 0.18105701421181464
0 0.5093074905006947 0.5086680404881673 0.0711502610179167 0.1883135072578724
0 0.543346107964792 0.7636718050958525 0.08151843756300939 0.1853643753609171
0 0.3295264940462504 0.8064609592101701 0.07834494744143529 0.18143430011518874
0 0.22608500183525493 0.6555853655758552 0.09595630053162042 0.17530966477925344
0 0.5633897349281948 0.5458874186262546 0.08578208447282426 0.19307361149102378
0 0.45630371580462986 0.51407898353301 0.06691085916888895 0.18245612297961758
0 0.1749463549254401 0.6444805563153809 0.10118887892574081 0.1775388025344796
0 0.43485648815710687 0.863118479942065 0.06482752583555561 0.18230520861826774
0 0.4482024524431253 0.6901762635781135 0.06473054559240753 0.17489780121086032
0 0.39670230698944486 0.8501791076622482 0.07943510422967606 0.18521346099956745
0 0.6141794412981253 0.7688028933817412 0.11569947707671323 0.17303964750837192
0 0.28367624797305574 0.3646669688653001 0.09835481965518524 0.19953465321467737
0 0.6691656498220835 0.3981416812705443 0.10261846656500022 0.20724388934478405
0 0.3629308206675929 0.6553227996494106 0.08037979065319452 0.17788151077283465
0 0.27579580300016243 0.7960934329239345 0.0814214573198612 0.17795696795350968
0 0.5930447865993059 0.9032539465180062 0.10341768262379626 0.18880082800694034
0 0.3811807486063427 0.34027846236725307 0.08774419250222228 0.18396526659311416
0 0.21435866641250023 0.5150537075446294 0.09506010422967599 0.18634531870968996
0 0.36314641337314835 0.43332694896921303 0.07841768262379638 0.18698985567074428
0 0.41076088772715297 0.4932040035810621 0.06787979065319452 0.17697602460473685
0 0.6263750716175234 0.6272289727282591 0.09748286841402773 0.2124221589969655
0 0.4784674791661344 0.3390003754270167 0.08897981965518523 0.1988555385886038
0 0.593826218971065 0.36678283833603026 0.0964169566865742 0.21049484996443885
0 0.4012304721999771 0.6793732830403385 0.06681387892574074 0.17504871557221016
0 0.3243124995562733 0.28898155238858975 0.06824346656500009 0.2047538023825145
0 0.42794577488562513 0.25578652971533244 0.08176088817087977 0.2038828938794355
0 0.5461385739611112 0.2615731419441483 0.0798715153238426 0.2185467943329007