0 0.2911354166666667 0.3575925925925926 0.07967708333333334 0.16675925925925927
0 0.18460416666666665 0.5965 0.09484375000000002 0.15412962962962967
0 0.32203125 0.1859814814814815 0.06433333333333333 0.16275925925925924
0 0.4735625 0.1472037037037037 0.06806250000000004 0.15996296296296295
0 0.6104270833333333 0.28175925925925926 0.11081250000000012 0.14290740740740743
0 0.14664583333333334 0.1722037037037037 0.06869791666666665 0.16390740740740745
0 0.48560416666666667 0.29935185185185187 0.060135416666666684 0.16350000000000003
0 0.26340625 0.182 0.06895833333333336 0.16298148148148148
0 0.48888541666666663 0.5285925925925926 0.05831250000000002 0.17314814814814813
0 0.539875 0.28068518518518515 0.07128125000000006 0.16599999999999998
0 0.35075 0.33838888888888885 0.060958333333333316 0.16868518518518513
0 0.25307291666666665 0.632074074074074 0.08487500000000002 0.1685
0 0.21234375 0.31383333333333335 0.08873958333333333 0.15338888888888885
0 0.1990104166666667 0.4494444444444444 0.08202083333333335 0.16012962962962968
0 0.5468229166666667 0.5042407407407408 0.06591666666666664 0.17483333333333329
0 0.6494166666666668 0.6749259259259259 0.08653124999999993 0.18433333333333327
0 0.43259375 0.15216666666666667 0.06114583333333338 0.1672777777777778
0 0.16142708333333333 0.3143888888888889 0.08319791666666668 0.15601851851851853
0 0.195875 0.16875925925925925 0.04123958333333331 0.1655185185185185
0 0.44416666666666665 0.5101111111111111 0.05496874999999998 0.16611111111111115
0 0.5931875000000001 0.1499074074074074 0.10081249999999997 0.16472222222222224
0 0.382625 0.3294074074074074 0.06501041666666664 0.164
0 0.44021875 0.3314814814814815 0.05834374999999999 0.1685
0 0.5734166666666667 0.6923888888888888 0.08364583333333328 0.1815185185185185
0 0.3925416666666666 0.5311111111111111 0.05413541666666669 0.16492592592592598
0 0.45615625000000004 0.6943888888888889 0.08151041666666667 0.1823703703703704
0 0.2961354166666667 0.7056851851851852 0.052083333333333336 0.1838703703703703
0 0.3444895833333333 0.5667962962962962 0.050593750000000055 0.16005555555555545
0 0.35751041666666666 0.6653518518518519 0.06919791666666661 0.17988888888888888
0 0.4010416666666667 0.7658703703703703 0.0625 0.1904814814814815
0 0.5230625 0.7877037037037037 0.06398958333333334 0.19974074074074077
0 0.6175625 0.4338703703703703 0.07440625000000006 0.18518518518518512