0 0.5790825502333934 0.16423622413918662 0.09680300445575701 0.15112197402480745
0 0.4491159048907272 0.03800580182233663 0.08677347644812107 0.050831056276003816
0 0.6157483982601195 0.5153029225514666 0.09232119467430261 0.10284452909941327
0 0.6272313382664828 0.5989756599250708 0.09772346223212078 0.1326357797006004
0 0.6994025702577863 0.48734946463798784 0.09458634134309042 0.13068695526581417
0 0.49798515603118043 0.42370348772845823 0.09648786134096927 0.10297382587665929
0 0.6039427951145756 0.06410224097389276 0.08705225689581794 0.09342364886859642
0 0.488192715149574 0.5187506161557135 0.09966134489709048 0.11047820586700129
0 0.6860647693348182 0.04072992639857645 0.09504620533630306 0.041830390571236664
0 0.6758185249045143 0.22555954544633497 0.09456209956502969 0.12698325156211035
0 0.5023707284903313 0.6163930529039854 0.09984315823254496 0.13825598364477906
0 0.5277981008911514 0.0460018340484115 0.09309620178230288 0.06213611255298401
0 0.7007661702736947 0.6956827979713212 0.09481663823466609 0.16587214045099935
0 0.4082218338372397 0.7912131669022596 0.10523330490133276 0.16619538239411433
0 0.5984938684754835 0.4249709206276675 0.09335074045193892 0.10102500144187287
0 0.6223203316093612 0.7237978768563574 0.08562345157012033 0.1933590004799734
0 0.4339575591183936 0.10881723520396022 0.1020477004561813 0.15683915055192058
0 0.5875798804636052 0.26910828522615254 0.0924787662316966 0.12691860317348735
0 0.6772776324527875 0.1302538234645876 0.09354467467642374 0.1306546310715025
0 0.6958169764746349 0.41688212168468297 0.09642725689581795 0.09371456661740003
0 0.4917226702471807 0.34204422317826344 0.09234543645236333 0.10654823280311697
0 0.46250109468490824 0.25319234487173387 0.09767497867599957 0.12522837229319297
0 0.6927461555803018 0.34550501490260793 0.09870452445363612 0.12340884463565269
0 0.4085041204646657 0.27743741269346106 0.09571285423296913 0.14368224242308847
0 0.3984828422713614 0.6557532260654266 0.1082734586781207 0.15332939201408594
0 0.3966105298111499 0.4492555824867894 0.10298027912157531 0.14020480807956537
0 0.5990082764693322 0.3444476892664235 0.09547043645236333 0.10664520538605145
0 0.5401256320549368 0.7360590803205627 0.11144694223424191 0.16083377200442792
0 0.385944290234454 0.1721289749832896 0.11211286134096927 0.10345868879133197
0 0.3590192582484534 0.3545895550702121 0.10803104089751467 0.1162923549770489
0 0.34375255426478596 0.5679612568501167 0.1153105866751511 0.11466677248537764