0 0.30363541666666666 0.34940740740740744 0.08016666666666668 0.16442592592592598
0 0.19515625 0.5740185185185186 0.09546875000000003 0.1515185185185184
0 0.17958333333333334 0.14953703703703702 0.07652083333333332 0.1645925925925926
0 0.5023020833333333 0.2997037037037037 0.053062499999999936 0.15853703703703706
0 0.5488854166666666 0.28374074074074074 0.06938541666666662 0.16929629629629633
0 0.48775 0.15 0.0692291666666667 0.16244444444444445
0 0.4484166666666667 0.5060185185185185 0.053489583333333354 0.1668333333333334
0 0.22991666666666663 0.29859259259259263 0.0859270833333333 0.14964814814814814
0 0.501375 0.5267037037037038 0.05703125 0.17285185185185192
0 0.21310416666666668 0.15216666666666667 0.06557291666666666 0.16629629629629628
0 0.3399270833333333 0.17955555555555552 0.06622916666666671 0.16366666666666663
0 0.5568229166666666 0.5065740740740741 0.07268749999999997 0.17292592592592593
0 0.21064583333333334 0.4325925925925926 0.08446874999999997 0.16214814814814815
0 0.6048333333333333 0.15766666666666668 0.08862499999999993 0.1613888888888889
0 0.6533333333333334 0.6816296296296296 0.08870833333333342 0.1793888888888889
0 0.4505208333333333 0.32646296296296295 0.05161458333333328 0.1617777777777778
0 0.18313541666666666 0.29666666666666663 0.10177083333333332 0.15135185185185188
0 0.6193541666666668 0.29827777777777775 0.10394791666666663 0.14355555555555552
0 0.2705416666666667 0.6049074074074073 0.08312499999999998 0.17475925925925928
0 0.36278125 0.33868518518518514 0.06665625000000001 0.16001851851851845
0 0.28629166666666667 0.17188888888888887 0.06926041666666667 0.16022222222222218
0 0.44805208333333335 0.15257407407407408 0.048395833333333374 0.1672037037037037
0 0.4022604166666667 0.5123333333333334 0.05528125000000005 0.1597407407407407
0 0.3520729166666667 0.5598333333333333 0.06521875000000002 0.16914814814814821
0 0.4077291666666667 0.15546296296296294 0.0646666666666667 0.16966666666666666
0 0.36447916666666663 0.6578333333333334 0.07584374999999995 0.16438888888888886
0 0.57696875 0.6930000000000001 0.08109374999999991 0.18490740740740744
0 0.46090625 0.6867037037037037 0.07435416666666667 0.17770370370370378
0 0.40552083333333333 0.3218333333333333 0.05477083333333337 0.16444444444444448
0 0.6242812499999999 0.4440925925925926 0.08418749999999993 0.1912037037037037
0 0.3050625 0.692462962962963 0.052083333333333336 0.19444444444444445
0 0.4073645833333333 0.7493333333333333 0.06027083333333335 0.18650000000000005
0 0.5264166666666666 0.7863703703703704 0.05878125000000001 0.19974074074074077