0 0.5802886691530575 0.8861111111111111 0.10781986356077246 0.15925925925925927
0 0.6787851899581672 0.8527777777777777 0.1028889167795614 0.13333333333333333
0 0.7111373726058839 0.5898148148148148 0.10096935775648745 0.1388888888888889
0 0.6451885338454838 0.3314814814814815 0.09898634855994762 0.21296296296296297
0 0.6266303233823576 0.55 0.10162888436588205 0.1259259259259259
0 0.6762245413073624 0.9425925925925925 0.10234300241202969 0.11481481481481481
0 0.4980162151357572 0.5157407407407407 0.10782429292912887 0.12407407407407407
0 0.6410336601079459 0.45555555555555555 0.10634146540008042 0.14444444444444443
0 0.5954880110799234 0.7833333333333333 0.10590473390605505 0.12962962962962962
0 0.42324044926760185 0.9120370370370371 0.10776527212401928 0.1574074074074074
0 0.5999600795253267 0.9703703703703703 0.09237192597610147 0.05925925925925926
0 0.5235886495539628 0.9768518518518519 0.09303145258549582 0.046296296296296294
0 0.5154080732694628 0.4166666666666667 0.10924809965306774 0.13703703703703704
0 0.42664510666336747 0.21481481481481482 0.11872785315821753 0.17592592592592593
0 0.7054266429208809 0.6611111111111111 0.10486306723938839 0.12962962962962962
0 0.5051057383528967 0.5972222222222222 0.10349385195220269 0.11851851851851852
0 0.7179074864309796 0.37777777777777777 0.11000795039925558 0.19814814814814816
0 0.6021836013106617 0.7277777777777777 0.1039305834462283 0.13333333333333333
0 0.6054310722892374 0.6259259259259259 0.10469929292912876 0.12407407407407407
0 0.411798394391219 0.3472222222222222 0.11642615407787164 0.1685185185185185
0 0.48946966493200544 0.6851851851851852 0.10234300241202969 0.11481481481481481
0 0.4022603395891972 0.5537037037037037 0.11631697120436518 0.1648148148148148
0 0.38501010892396886 0.8342592592592593 0.11171800241202968 0.11481481481481481
0 0.4663508548158115 0.7666666666666667 0.09801256143510363 0.10925925925925926
0 0.411667784184168 0.7314814814814815 0.11253687396332725 0.1425925925925926
0 0.3585265618866826 0.6425925925925926 0.1185139167795614 0.13333333333333333
0 0.35468893901647547 0.42407407407407405 0.12383143298640106 0.13703703703703704
0 0.5598854794206799 0.3 0.11703108925051306 0.1537037037037037