0 0.38548025690368015 0.85926701280233 0.10099491843944447 0.1627239877196648
0 0.29730574993752296 0.5062550274259735 0.10184262461981484 0.1479846300855248
0 0.38285576443851826 0.5022573310561247 0.09830545858643518 0.11627677706201885
0 0.2948682503812497 0.772071225347389 0.09862064437666665 0.1403508511360929
0 0.3788718066749304 0.4083615266342321 0.10080095795314818 0.14790917290484998
0 0.26533616590842546 0.9571463756868804 0.095640243794213 0.07168141825622477
0 0.5101205002541664 0.5374267616147178 0.10254486043546306 0.12213416134027368
0 0.5025634443396063 0.43771130150490767 0.10918278140805562 0.15221653405395233
0 0.5018061862985643 0.992941520168101 0.09021370491379628 0.014116959663798062
0 0.4917449922756016 0.6269224588743237 0.09934712525310184 0.11635223424269367
0 0.39305335461092566 0.5993836563398441 0.10043728204134261 0.12013139512707219
0 0.3503411020153005 0.9480624298318177 0.09207970364722229 0.10387514033636468
0 0.29431322682467564 0.5755485575090682 0.10031605673740743 0.11087213586781293
0 0.38528760283814784 0.7545241974016881 0.100679732649213 0.1386499136455907
0 0.6149560834604166 0.29478383673051417 0.11167828077476874 0.18384892989678356
0 0.29023054692358763 0.6484703341151918 0.10169715425509267 0.1368735189744137
0 0.3215572013682406 0.28650560333351127 0.10215781041004632 0.17205870415959898
0 0.28478970814483756 0.8649483578301715 0.09658580116490753 0.143903640478447
0 0.5233062588035412 0.9425060659165616 0.10613051659041671 0.11498786816687685
0 0.49380320960097185 0.7086303118978299 0.0983297036472223 0.1181286289138707
0 0.4233785585123144 0.9738327150084162 0.09375087094717595 0.052334569983167545
0 0.3731435109554397 0.32824142533021594 0.04396907649425922 0.09939004070396448
0 0.396496588716273 0.296568149971729 0.09319497644342599 0.20286107101500686
0 0.5943976490638423 0.6306512874670913 0.10818960486296306 0.1558447805769813
0 0.565095892668495 0.79813384521399 0.10193960486296305 0.1553920374929322
0 0.4776496084731249 0.3098612174717735 0.11351916350023157 0.16548132573961466
0 0.6121445273562961 0.4298935647350245 0.11356765362180568 0.16918502944331837
0 0.5082038340312265 0.8032806881264708 0.10167290919430556 0.13502166712256183
0 0.6258645481901617 0.7358059664361264 0.10300551659041683 0.15731934652545887
0 0.38572444940590245 0.6813383206632025 0.0973365271021296 0.12175687543689959
0 0.6597936274071294 0.5334400522267418 0.12037441907273158 0.13267619267100506
0 0.5787817232791199 0.9075613076671084 0.10356228204134273 0.12035776666909685