0 0.30408333333333337 0.3500925925925926 0.07882291666666666 0.16366666666666665
0 0.17813541666666666 0.15037037037037038 0.07218750000000002 0.16416666666666668
0 0.19428125 0.58 0.09624999999999997 0.15838888888888883
0 0.4886041666666667 0.15025925925925926 0.06867708333333328 0.16355555555555554
0 0.5025729166666667 0.30114814814814816 0.052854166666666674 0.16061111111111115
0 0.21525 0.15244444444444444 0.06033333333333335 0.1648518518518518
0 0.50125 0.5281666666666667 0.05688541666666668 0.17225925925925922
0 0.5490833333333334 0.28457407407407403 0.0688229166666666 0.16744444444444448
0 0.3400208333333333 0.17996296296296296 0.06568750000000007 0.16312962962962965
0 0.22890625 0.3002592592592592 0.08456250000000004 0.15101851851851855
0 0.5566458333333333 0.5069074074074075 0.07224999999999995 0.17231481481481478
0 0.44877083333333334 0.5069444444444444 0.053062499999999936 0.16668518518518516
0 0.17814583333333334 0.29664814814814816 0.08970833333333333 0.15268518518518517
0 0.44748958333333333 0.15338888888888888 0.05064583333333334 0.1679074074074074
0 0.45084375 0.3292592592592593 0.05260416666666667 0.16188888888888892
0 0.40896875 0.15527777777777776 0.06677083333333336 0.16661111111111107
0 0.6193645833333333 0.2990555555555556 0.10390625 0.1434259259259259
0 0.27030208333333333 0.6064814814814815 0.08399999999999999 0.17535185185185195
0 0.6529479166666667 0.6838333333333333 0.08893749999999988 0.18201851851851844
0 0.364375 0.3396111111111111 0.06747916666666663 0.159462962962963
0 0.2864479166666667 0.17372222222222222 0.06864583333333331 0.15842592592592594
0 0.6055104166666666 0.1587962962962963 0.09070833333333325 0.1624074074074074
0 0.36487499999999995 0.659 0.07531249999999995 0.16348148148148142
0 0.21004166666666665 0.43703703703703706 0.08244791666666665 0.16235185185185183
0 0.35284375 0.5608518518518518 0.06440625000000004 0.16918518518518522
0 0.4029270833333333 0.514462962962963 0.05512499999999996 0.16200000000000003
0 0.623375 0.4439444444444444 0.0826562499999999 0.18948148148148147
0 0.46145833333333336 0.6877962962962964 0.07508333333333338 0.17759259259259255
0 0.5768749999999999 0.6942962962962963 0.08168750000000008 0.1866481481481481
0 0.40388541666666666 0.32661111111111113 0.05427083333333336 0.1588518518518518
0 0.3061770833333333 0.6931296296296297 0.052822916666666705 0.1904814814814815
0 0.406625 0.7566111111111111 0.06621875000000005 0.18518518518518517
0 0.5241770833333332 0.7850555555555556 0.06323958333333331 0.19974074074074077