0 0.3233913466611685 0.3603684329600828 0.09246272675276981 0.17963272633069968
0 0.5117845976510021 0.16829926173308718 0.07778846520619116 0.17347373815111125
0 0.2189073076885555 0.591070975795309 0.10475056092186392 0.16718699133119358
0 0.28599830601703385 0.6197554508596712 0.09877334556159999 0.18359504401613191
0 0.19151756175762477 0.15782307294728423 0.085140750681688 0.1774791581668314
0 0.5686392200666833 0.3029695414806181 0.07365210794393941 0.1751531806818108
0 0.35487179853952444 0.18493895800773713 0.07990210794393952 0.1754117946635392
0 0.3052713942551973 0.17548418991164655 0.07567482246844269 0.1715356816386832
0 0.5199536713730859 0.3176103986237457 0.06323544127727286 0.17472215737893013
0 0.2010824337554255 0.2970136781481896 0.11097025151744884 0.16559375346107014
0 0.6302865489574049 0.18985804288744948 0.09665970282385151 0.18165698750370388
0 0.6455048141108345 0.3246560812753096 0.11004982246844246 0.17295805853818946
0 0.381512514163596 0.34981920049325155 0.08094377461060631 0.1754548969938273
0 0.4683249791059795 0.34323305988712005 0.06427710794393965 0.1747652597092182
0 0.24691576708875884 0.29891018068086456 0.10043234723312171 0.15775532275078205
0 0.5738994674053279 0.5289601209019761 0.08008396437043028 0.18652290577465044
0 0.6761670992781856 0.7034467638148569 0.09696279686800295 0.2001755060222224
0 0.23399387753998085 0.4316185302250209 0.09856117973069421 0.17063208105316885
0 0.4721399562766297 0.5127206066618526 0.06645136949051829 0.18040701992534983
0 0.4234726936304825 0.33767595598102945 0.0662998224684427 0.17114776066609058
0 0.38992650523403455 0.673096655632264 0.09028846520619117 0.17399096611456816
0 0.5231608947828125 0.5453666252363794 0.0759779165125939 0.19005420015720179
0 0.23790203782870656 0.1615929784969551 0.072640750681688 0.17696193020337456
0 0.600934205286796 0.7179144374615647 0.08958020198809086 0.19431823415465033
0 0.461324383126499 0.16991250241781963 0.06746272675276982 0.17859827040378612
0 0.4296892528808249 0.5266941518607825 0.06317482246844269 0.17101845367522642
0 0.4232277762821279 0.16370963773267552 0.06004982246844269 0.17088914668436225
0 0.6457553049174654 0.46716246920732607 0.08044767722341177 0.20874512799687245
0 0.3763106307289513 0.5726009788339512 0.06326575068168801 0.17657400923078195
0 0.43004426093028747 0.7709877381492187 0.08112563103709694 0.18656600810493842
0 0.48520312237134317 0.7066485973181077 0.06791736781899663 0.20637604818156374
0 0.5524042114009294 0.8056603404225522 0.06908027210332388 0.21382655791925934
0 0.3295648839179218 0.7057603544955972 0.0656824874635877 0.1970305842617285