0 0.3259270833333333 0.3191111111111111 0.08271874999999997 0.1625555555555555
0 0.5263229166666666 0.15007407407407408 0.06806249999999997 0.16111111111111112
0 0.20627083333333335 0.536888888888889 0.09516666666666668 0.1473703703703704
0 0.27125 0.5730555555555555 0.08772916666666669 0.16668518518518516
0 0.20741666666666667 0.10262962962962963 0.07472916666666668 0.16264814814814818
0 0.57459375 0.2902777777777778 0.06317708333333343 0.16383333333333336
0 0.36893750000000003 0.1491111111111111 0.06983333333333329 0.1615185185185185
0 0.3199166666666667 0.13333333333333333 0.06598958333333335 0.15929629629629627
0 0.5251041666666667 0.29887037037037034 0.052156249999999994 0.16451851851851856
0 0.20780208333333333 0.24294444444444444 0.10089583333333335 0.1463703703703704
0 0.6434895833333333 0.1853148148148148 0.08692708333333338 0.16466666666666668
0 0.6497604166666666 0.3199259259259259 0.10050000000000002 0.1530925925925926
0 0.38458333333333333 0.3159259259259259 0.07078125000000005 0.16107407407407412
0 0.47184375 0.3191481481481482 0.05297916666666668 0.16511111111111113
0 0.25359375 0.25031481481481477 0.09130208333333331 0.1404074074074074
0 0.5651354166666667 0.5154259259259258 0.06870833333333337 0.174462962962963
0 0.6557291666666667 0.7010185185185185 0.08581250000000011 0.18403703703703703
0 0.23166666666666666 0.38053703703703706 0.08843750000000003 0.15392592592592594
0 0.46434375 0.48762962962962964 0.05571875000000001 0.17077777777777783
0 0.42756249999999996 0.3083148148148148 0.056312500000000064 0.1618148148148148
0 0.37182291666666667 0.6380185185185184 0.0799895833333333 0.15979629629629624
0 0.5135520833333334 0.5257777777777778 0.06479166666666672 0.1776481481481481
0 0.2535 0.11183333333333334 0.061729166666666654 0.16535185185185183
0 0.5794791666666667 0.7061481481481481 0.07834375000000003 0.18007407407407408
0 0.47611458333333334 0.14583333333333334 0.05670833333333327 0.16801851851851854
0 0.4212916666666667 0.49737037037037035 0.053468750000000044 0.16066666666666665
0 0.4386145833333333 0.13492592592592592 0.04985416666666668 0.1613703703703704
0 0.641 0.46229629629629626 0.06770833333333333 0.19709259259259265
0 0.36532291666666666 0.5370370370370371 0.052083333333333336 0.16666666666666666
0 0.4055104166666667 0.7394259259259259 0.06993749999999999 0.17461111111111105
0 0.46503125 0.682537037037037 0.055062500000000014 0.19575925925925933
0 0.5256666666666666 0.7883518518518519 0.05580208333333333 0.2037037037037037
0 0.30915625 0.6640185185185185 0.052822916666666705 0.18783333333333324