0 0.7130384644605805 0.6876310766795135 0.0851124644357931 0.17440417861115562
0 0.8492023205313269 0.8888430767015467 0.07361168643833006 0.17172229777188056
0 0.5381896561713542 0.8857258241242156 0.07677913110245976 0.17380052116575687
0 0.5170645273755885 0.7353689779786694 0.05902835310499673 0.1706658972424329
0 0.6852149848912994 0.8575518548911532 0.07252757510753392 0.16979498873935367
0 0.46601136334514365 0.7538560697574873 0.07673668643833018 0.171948669313905
0 0.805994376196725 0.8866375296294668 0.05802913110245977 0.17244229191360994
0 0.5086976113555836 0.5064389027329412 0.062323131761515306 0.17829967619186476
0 0.4552100593149904 0.5321447589674794 0.07811791041803365 0.18683894130939466
0 0.8097949924456497 0.4626184729782398 0.09744268577927476 0.16790225737184625
0 0.5622470579968796 0.5288057374658763 0.05907079776912643 0.17251774909428474
0 0.5683838567545891 0.7058085036790778 0.06119657576658947 0.17452051530748622
0 0.8369950253984222 0.7419053943695143 0.10152446311768225 0.16450038239084183
0 0.7890571363996908 0.737508438132546 0.09110779645101559 0.16374581058409343
0 0.5771035998469006 0.8820739869180405 0.0560306870973856 0.175995081255964
0 0.6556079664377469 0.7001098698187269 0.07157079776912643 0.17342323526238276
0 0.3517410942201419 0.3508645241389587 0.09591113307962615 0.19182541708457068
0 0.6181645438519747 0.8813508418509928 0.07057157576658947 0.1751996299335598
0 0.41197821084816916 0.8691880978551533 0.09032079776912644 0.17478146451452972
0 0.738382429555429 0.8632520229574216 0.07452601911260809 0.16624219939699983
0 0.7440753781491038 0.43105054733421083 0.08944890975897811 0.1821134147412624
0 0.6066567226863798 0.5153837295682274 0.060070019771663395 0.1707413544231077
0 0.8005420092515636 0.6033796534768084 0.08815257510753392 0.17092684644947637
0 0.42329153264803215 0.7729468189817039 0.05265456390359115 0.07406777222343731
0 0.4006100840295698 0.7361770330023473 0.10860390646370087 0.15576932339630628
0 0.5414420365775775 0.34704286701952336 0.08015879908723728 0.18513800381889253
0 0.6399104838779288 0.37820991607703186 0.08094579776912643 0.17410234988845624
0 0.3900077335607948 0.5912043882931789 0.08562180040534824 0.19662640083337785
0 0.4268799255763089 0.33966850307121754 0.08766268907455199 0.19492546334287564
0 0.655701717743464 0.4773390075739529 0.06952990909992257 0.175124172752885
0 0.5923908613431901 0.27863123242138027 0.0820299090999228 0.1760296589209829
0 0.614716801089191 0.708240422293182 0.062110908440867266 0.1690404169326055
0 0.47354624704664416 0.24321499056293475 0.06721135771838492 0.2100829863960456
0 0.6972888122683464 0.34076885152815595 0.061323909758978105 0.18007607086304178