0 0.6751370815520769 0.3134992938234146 0.09136044127727298 0.175885920296708
0 0.48456956901566456 0.12707188281255072 0.07671648913510935 0.1715787839689713
0 0.7822859060001868 0.5403903771292169 0.10260660877970054 0.1633970829669137
0 0.7151645982672934 0.570926704045431 0.09665970282385151 0.18165698750370388
0 0.8055241399666585 0.10638895767641855 0.08406877461060608 0.1755842039846915
0 0.4292319824933608 0.26445528684242736 0.07258013187285783 0.17325822649967085
0 0.6420638202693058 0.13998632421835294 0.07879982246844269 0.17166498862954743
0 0.6917096886602556 0.12775377834448456 0.07460284639736088 0.16964072745654332
0 0.47796299529358066 0.27631836620777706 0.0611217985395245 0.1727841008665022
0 0.7969857799333168 0.2464623864729618 0.10885660877970053 0.1636556969486421
0 0.365991844198224 0.15326029359654264 0.09558772675276969 0.17976203332156393
0 0.352351233747002 0.28706775256304473 0.10894753699294574 0.16921125250419766
0 0.6169856046452343 0.3048019132084353 0.0798717985395245 0.17355994281168738
0 0.5296068422628948 0.30101510154522554 0.06216346520619117 0.1728272031967903
0 0.7511221371955682 0.25021074085748857 0.09936037116203995 0.1558603685686421
0 0.4260702231902569 0.4894337356772833 0.07797032163268179 0.1845848492622224
0 0.3258253058419022 0.6675378776332918 0.09586051139250588 0.1964286999882305
0 0.7656216814465538 0.38192851098028696 0.0974892036596124 0.1687371268710289
0 0.5278751984255778 0.4704164436593819 0.06433772675276982 0.1784689634129219
0 0.5744894371428068 0.2936061457872831 0.06525815580177578 0.1711046583358026
0 0.6116966135747958 0.6279500613565834 0.08921648913510935 0.1720960119324281
0 0.47683910521718753 0.5039883881598347 0.07490594044151208 0.18815924597506195
0 0.7585885211578282 0.11203226624308528 0.0705271079439394 0.1750238736909466
0 0.40110366393991465 0.6792277735022215 0.08850822591700905 0.19242327997251027
0 0.5355657715757085 0.12773764640621318 0.06537939341943637 0.17851206574320994
0 0.5703410565235902 0.48346406293238586 0.06210284639736088 0.16912349949308658
0 0.5731718544911615 0.11970448103436129 0.05897784639736088 0.1689941925022223
0 0.353663242940371 0.4295094869996291 0.0783340344856633 0.20680707148444463
0 0.6242708214132122 0.5274974868885587 0.061152107943939646 0.17463595271835394
0 0.5720845365096686 0.72674551863432 0.07901198829934847 0.1846279515925104
0 0.5163745323308645 0.664279780820205 0.06580372508124815 0.20443799166913593
0 0.45018480056352966 0.7651002734462133 0.06800829603224207 0.2119316037371195
0 0.6726093776286568 0.6587403572029208 0.06356884472583933 0.19509252774930047