0 0.30428125 0.3506666666666667 0.07838541666666667 0.16287037037037036
0 0.17661458333333335 0.15103703703703705 0.06701041666666666 0.16375925925925927
0 0.4881770833333333 0.15059259259259258 0.0694583333333334 0.1639814814814815
0 0.5030729166666666 0.3009074074074074 0.0525729166666667 0.1623148148148148
0 0.3398125 0.18083333333333335 0.06560416666666669 0.16188888888888892
0 0.5546354166666667 0.2822777777777778 0.06932291666666662 0.1630185185185185
0 0.21957291666666665 0.15316666666666665 0.051510416666666656 0.16398148148148145
0 0.5014479166666667 0.5299444444444444 0.05533333333333334 0.17018518518518513
0 0.5561770833333333 0.5038703703703703 0.07133333333333335 0.1783333333333333
0 0.19766666666666666 0.5772962962962963 0.09079166666666663 0.1558518518518518
0 0.4491145833333333 0.5082962962962964 0.051895833333333384 0.1655
0 0.4501875 0.3314814814814815 0.05387500000000003 0.16744444444444448
0 0.18236458333333333 0.29829629629629634 0.09452083333333335 0.15227777777777782
0 0.23023958333333333 0.30159259259259263 0.08440625000000003 0.151462962962963
0 0.44877083333333334 0.15448148148148147 0.0487916666666667 0.16794444444444442
0 0.36271875 0.3375370370370371 0.06463541666666663 0.16566666666666663
0 0.6520520833333333 0.6837777777777778 0.0881041666666666 0.17998148148148158
0 0.40780208333333334 0.1569259259259259 0.06342708333333331 0.16742592592592592
0 0.61403125 0.16546296296296295 0.0828125 0.16211111111111115
0 0.286625 0.17457407407407408 0.06776041666666664 0.15711111111111112
0 0.26223958333333336 0.607111111111111 0.08193749999999997 0.1699259259259259
0 0.40365625 0.5226296296296297 0.053 0.16344444444444442
0 0.21323958333333334 0.4362037037037037 0.08079166666666666 0.1597592592592592
0 0.5984166666666667 0.2622037037037037 0.05021875000000004 0.06622222222222221
0 0.6200208333333334 0.2991666666666667 0.10206250000000001 0.1434444444444444
0 0.4622083333333334 0.6900740740740741 0.07289583333333335 0.17579629629629642
0 0.36483333333333334 0.6593333333333333 0.07397916666666665 0.16448148148148156
0 0.6238645833333333 0.4433148148148148 0.0785833333333334 0.18609259259259261
0 0.57675 0.6953333333333334 0.0806250000000001 0.1838888888888888
0 0.35291666666666666 0.5602407407407407 0.06201041666666664 0.1668333333333334
0 0.4075729166666667 0.7579074074074074 0.07481249999999993 0.16649999999999995
0 0.4038125 0.3287222222222222 0.05477083333333337 0.161037037037037
0 0.5253020833333333 0.7923333333333333 0.05803124999999998 0.20105555555555543
0 0.3054270833333333 0.6970925925925926 0.054312499999999986 0.17196296296296298