0 0.22608333333333333 0.49537037037037035 0.07255208333333336 0.14779629629629626
0 0.52496875 0.6173333333333334 0.04296875 0.1624074074074075
0 0.44035416666666666 0.6288333333333334 0.042499999999999954 0.1463518518518518
0 0.47803125 0.6116111111111111 0.05396875000000006 0.15775925925925935
0 0.2861458333333333 0.49792592592592594 0.06833333333333336 0.15290740740740735
0 0.27053125 0.6395370370370371 0.08158333333333335 0.13435185185185178
0 0.5464583333333334 0.8685925925925926 0.049479166666666664 0.16877777777777775
0 0.5673958333333334 0.6490555555555556 0.06090625000000003 0.16192592592592603
0 0.40168750000000003 0.6168148148148148 0.05028124999999998 0.1543518518518519
0 0.40846875 0.7869074074074074 0.05022916666666669 0.15351851851851847
0 0.33325 0.35300000000000004 0.06206250000000004 0.14927777777777781
0 0.6298333333333334 0.5897037037037037 0.06942708333333343 0.16400000000000012
0 0.36191666666666666 0.7751481481481481 0.05033333333333338 0.16151851851851856
0 0.20179166666666667 0.3445740740740741 0.09093750000000002 0.10529629629629632
0 0.6600833333333332 0.8339629629629629 0.07855208333333343 0.16561111111111101
0 0.26873958333333337 0.34844444444444445 0.05690625 0.14927777777777781
0 0.6021979166666667 0.9011666666666667 0.07319791666666665 0.16670370370370366
0 0.26996875000000004 0.7279444444444444 0.06455208333333336 0.13246296296296292
0 0.3715833333333334 0.3743888888888889 0.05344791666666661 0.15709259259259256
0 0.5805416666666667 0.14631481481481481 0.07851041666666679 0.1561851851851852
0 0.4367395833333333 0.3767407407407407 0.06724999999999995 0.15964814814814812
0 0.44903125 0.9080740740740741 0.05134374999999996 0.16005555555555567
0 0.50371875 0.8657407407407407 0.04761458333333337 0.16798148148148154
0 0.3188229166666667 0.7711666666666667 0.04985416666666668 0.17196296296296298