0 0.14378125 0.4889259259259259 0.06929166666666665 0.1452962962962963
0 0.29991666666666666 0.3732592592592593 0.04414583333333333 0.15092592592592594
0 0.2458854166666667 0.35229629629629633 0.0535520833333333 0.14161111111111116
0 0.20086458333333335 0.4963148148148148 0.06271874999999998 0.14616666666666672
0 0.4775729166666667 0.6497407407407407 0.060239583333333374 0.15935185185185177
0 0.1881354166666667 0.630611111111111 0.07989583333333332 0.1270740740740741
0 0.5655104166666667 0.8302777777777778 0.0720416666666667 0.16540740740740728
0 0.1189375 0.34450000000000003 0.08611458333333336 0.10674074074074072
0 0.3505625 0.6317222222222222 0.03936458333333329 0.1646666666666666
0 0.2775625 0.7722037037037037 0.0504270833333333 0.16796296296296304
0 0.39092708333333337 0.6107962962962963 0.04785416666666661 0.15768518518518515
0 0.42683333333333334 0.6234999999999999 0.05700000000000003 0.16135185185185183
0 0.5113958333333334 0.8997222222222223 0.06267708333333329 0.1618333333333334
0 0.19364583333333335 0.35037037037037033 0.057187499999999974 0.14751851851851847
0 0.18090625 0.7263703703703703 0.07683333333333332 0.14051851851851851
0 0.3548854166666667 0.378 0.07010416666666662 0.1565740740740741
0 0.22895833333333335 0.7727592592592593 0.06289583333333333 0.15992592592592594
0 0.459125 0.8673333333333334 0.05331249999999995 0.1640185185185184
0 0.5387604166666667 0.588 0.0686770833333334 0.16381481481481489
0 0.3247708333333333 0.7843333333333333 0.06050000000000004 0.15788888888888888
0 0.3134166666666667 0.6154814814814815 0.058406250000000055 0.155888888888889
0 0.49590625 0.16072222222222224 0.06176041666666663 0.1679814814814815
0 0.4133229166666667 0.8597962962962963 0.040927083333333295 0.17461111111111105
0 0.3619791666666667 0.9054259259259261 0.054312499999999986 0.15740740740740752