0 0.590625 0.47925940055892763 0.0875 0.13691360118019785
0 0.7494791666666667 0.13171387712835647 0.06354166666666666 0.10579660544258632
0 0.5348958333333333 0.5535774354333565 0.0875 0.15358026784686452
0 0.5130208333333334 0.16055273884201066 0.08541666666666667 0.14789537610800615
0 0.328125 0.27037044887018624 0.08333333333333333 0.15887715103581454
0 0.5979166666666667 0.39915652164493187 0.0875 0.10728397155056824
0 0.6427083333333333 0.2741594718081636 0.08645833333333333 0.09796004419965748
0 0.5359375 0.07771617759908186 0.08645833333333333 0.0942563404959538
0 0.696875 0.6515962866481096 0.08541666666666667 0.1590064872191173
0 0.6442708333333333 0.6890712887604555 0.08125 0.16245151855621526
0 0.73125 0.3000266299689017 0.09270833333333334 0.09094064534215839
0 0.7359375 0.2067991178628144 0.0875 0.10913582340242003
0 0.6098958333333333 0.3332335380322561 0.08229166666666667 0.0995532236849038
0 0.7552083333333334 0.41077325533614273 0.052083333333333336 0.13286303421219892
0 0.709375 0.543113044488667 0.0875 0.12209878636538304
0 0.646875 0.201269996026621 0.08645833333333333 0.14796004419965753
0 0.75 0.060449914877885855 0.0625 0.031657863276860855