0 0.6348310195306445 0.6922632226953609 0.06718994211303363 0.16126335930657323
0 0.7967121188531683 0.5759286902258821 0.08067098997087024 0.15797987012891906
0 0.683870699833292 0.7206504737770097 0.06293234723312177 0.15557850697377143
0 0.7416401778397029 0.5658821745940384 0.06918234723312176 0.15577245213964058
0 0.5736615019796674 0.4180045762315133 0.048349013899788434 0.15512596825341035
0 0.43686419173949126 0.4026428335684381 0.06734148913510936 0.1705226185658325
0 0.6234948002553841 0.42974132274365123 0.05468994211303387 0.16087546897483493
0 0.7510885092377071 0.7208835324582505 0.06608765663753692 0.15752733140855787
0 0.7687546970178638 0.3101118253874103 0.09099672842429148 0.1527475565164787
0 0.7601501447174158 0.42193875516142254 0.08768987199780061 0.141539472822433
0 0.8239142476911283 0.7287017816156119 0.09973523093157392 0.11414958537639332
0 0.6154670030792357 0.25162414092560254 0.0830877267527697 0.17841488888791257
0 0.5322125746021826 0.435246289074727 0.0599892036596124 0.1665926455019482
0 0.5169673185977841 0.1568543516050305 0.0736217985395245 0.1725684155835533
0 0.4090734716284701 0.12664078354478117 0.075765750681688 0.17633676767588005
0 0.4621282715757085 0.1644165906629353 0.06534908401502146 0.17601352573276494
0 0.570353769112764 0.6837776411665656 0.07040587032627907 0.16691588744506317
0 0.3812522549048301 0.4574272948485651 0.07463315580177603 0.170748887926013
0 0.4823035028154281 0.4281391721922188 0.05692482246844269 0.1701993766227173
0 0.7057282902262543 0.2766585680529265 0.06617858485078235 0.1630828869641134
0 0.662023754332877 0.27252317411406507 0.060080131872857594 0.17214820105750364
0 0.3494065245008714 0.20631211014481787 0.0841597028238515 0.18029906493407588
0 0.4147752730277606 0.9232227402573501 0.07647401389978843 0.15355451948529983
0 0.56653184001942 0.12133655170063462 0.061212726752769696 0.1777360808073707