0 0.21875 0.22816666666666666 0.07738541666666669 0.09127777777777776
0 0.2823645833333333 0.27381481481481484 0.04836458333333331 0.14814814814814814
0 0.3351979166666667 0.29035185185185186 0.052822916666666705 0.13359259259259257
0 0.3764895833333333 0.33001851851851854 0.04761458333333337 0.15475925925925924
0 0.4441979166666667 0.3597962962962963 0.04761458333333337 0.18253703703703703
0 0.5996979166666667 0.17196296296296296 0.04464583333333323 0.1534444444444444
0 0.2265625 0.39285185185185184 0.06621874999999999 0.1190555555555556
0 0.27009375 0.4199814814814815 0.07738541666666666 0.13359259259259262
0 0.24665624999999997 0.5429814814814814 0.09152083333333332 0.10185185185185185
0 0.22730208333333338 0.6355740740740741 0.08556250000000001 0.12037037037037036
0 0.27715625 0.702388888888889 0.04389583333333332 0.18518518518518517
0 0.31621875 0.6970925925925926 0.04464583333333335 0.16401851851851862
0 0.3586354166666667 0.7513148148148148 0.05803125000000004 0.1507962962962962
0 0.3880208333333333 0.878962962962963 0.04389583333333332 0.17062962962962971
0 0.4445729166666667 0.844574074074074 0.046875 0.16535185185185178
0 0.49032291666666666 0.8545 0.050593750000000055 0.16666666666666666
0 0.5431562499999999 0.9087222222222221 0.04315625000000001 0.15872222222222218
0 0.5989583333333334 0.8591296296296297 0.041666666666666664 0.17857407407407397
0 0.5959791666666666 0.6236851851851852 0.04315625000000007 0.19179629629629638
0 0.5319895833333333 0.6534444444444445 0.053572916666666616 0.16666666666666666
0 0.4828854166666667 0.6230185185185185 0.043156249999999945 0.16401851851851862
0 0.4523854166666667 0.598537037037037 0.04464583333333335 0.16005555555555545
0 0.41071875 0.6130925925925926 0.038687499999999986 0.1706296296296296
0 0.37722916666666667 0.577388888888889 0.03125 0.16798148148148154
0 0.9401041666666666 0.3055555555555556 0.06323958333333338 0.08994444444444444