0 0.20661458333333332 0.4962777777777778 0.07383333333333333 0.1466666666666667
0 0.41914583333333333 0.6307222222222222 0.04458333333333329 0.15164814814814812
0 0.4698333333333334 0.8722222222222222 0.05362500000000002 0.15933333333333327
0 0.2566875 0.4987777777777777 0.06523958333333336 0.1466666666666667
0 0.23507291666666666 0.7352962962962963 0.0839583333333333 0.1360925925925926
0 0.495875 0.6278888888888889 0.04785416666666661 0.16227777777777777
0 0.45155208333333335 0.6188333333333333 0.04762500000000003 0.16120370370370363
0 0.36964583333333334 0.6307777777777778 0.05725000000000004 0.15818518518518512
0 0.52615625 0.8676296296296296 0.054802083333333286 0.1631296296296296
0 0.5461770833333334 0.6418518518518519 0.05165624999999997 0.15403703703703717
0 0.354375 0.3789444444444444 0.05927083333333331 0.14898148148148146
0 0.24159375 0.6338148148148148 0.07999999999999999 0.13109259259259254
0 0.37876041666666665 0.7870555555555555 0.06391666666666668 0.16235185185185178
0 0.31020833333333336 0.35033333333333333 0.0607083333333333 0.14650000000000002
0 0.24698958333333335 0.35390740740740745 0.053354166666666696 0.14609259259259258
0 0.5734166666666667 0.8988148148148148 0.06583333333333338 0.16412962962962951
0 0.5987916666666667 0.5893888888888889 0.06847916666666667 0.162425925925926
0 0.33621874999999996 0.7739814814814815 0.053052083333333284 0.16429629629629636
0 0.4164583333333333 0.38096296296296295 0.06407291666666666 0.15707407407407406
0 0.42452083333333335 0.910425925925926 0.05496874999999998 0.15685185185185194
0 0.18092708333333332 0.3463148148148148 0.09203125000000002 0.09935185185185182
0 0.29940625 0.7752962962962964 0.05826041666666661 0.1603518518518519
0 0.6324583333333333 0.8291481481481482 0.08643750000000001 0.16999999999999993
0 0.5557708333333333 0.15512962962962962 0.07720833333333328 0.15418518518518523