0 0.35433935587310417 0.7262866616214908 0.0854491112616375 0.17943699280948058
0 0.18593755615946506 0.6579487083952031 0.09904536936505733 0.1815689718744771
0 0.3072231237760714 0.7688570572647505 0.08111867028471131 0.1737952442652651
0 0.24037496532571934 0.6322065912723472 0.08742326172146443 0.17577638560010683
0 0.3977787490583083 0.43719371308670246 0.06637156264111847 0.16793801324940003
0 0.5328044169309899 0.3825444813164115 0.08676373511207001 0.1887178003159047
0 0.3490705065587207 0.4630543455689657 0.07283992838813115 0.1754747101397972
0 0.2404767846384532 0.7878591139401452 0.08429826172146443 0.1757117408586118
0 0.1975810349771375 0.38672783096398416 0.1083657779283041 0.17991105424710996
0 0.21261660259374385 0.4954382586227045 0.1038169712043653 0.16686189829548706
0 0.16874269259869262 0.8169493886884827 0.11253687396332725 0.1448336102977498
0 0.3459779511536915 0.2851041818138681 0.10381254183600888 0.2020255352335074
0 0.44035060379975877 0.442706820850096 0.07930829413514383 0.18301140703019442
0 0.4381772440828204 0.16286170874881664 0.09312291798557623 0.19255079350259838
0 0.5425283367255884 0.10572495183530707 0.09619332654882319 0.19076358639224142
0 0.49313770126658624 0.1547337324657184 0.08588584275566286 0.1942518076242954
0 0.41768552314277835 0.6988758527476854 0.08983414367531685 0.18693059320554792
0 0.5916084215292599 0.4208205425654344 0.09410999321548985 0.19072048989791154
0 0.4894432010407967 0.42148659212104495 0.07623788557189688 0.1847986141405514
0 0.2579637618728928 0.33609345507695326 0.08446203603172393 0.18126729641416756
0 0.30119071385538126 0.3193843406181245 0.08051373511207001 0.18858851083291506
0 0.6075299645712834 0.16358552113534675 0.10490879993942884 0.20389893533252412
0 0.5870899008755786 0.8923107730862154 0.0947695198248842 0.17777907518211367
0 0.3866671208353953 0.1423398519461236 0.08171917608899619 0.19416561463563553