0 0.3151587082909243 0.3054849716619683 0.08975529969634206 0.11934101920747282
0 0.3430703656478349 0.9548086459236389 0.06488757132416106 0.07180540504175834
0 0.36005945820610635 0.8861724522635976 0.08738095995057739 0.10441843762140438
0 0.3721742154342278 0.7737213814640901 0.09381283895834697 0.11400099719442475
0 0.3968666805878375 0.7110448687518061 0.0893187900776951 0.0971187969852508
0 0.41259089534773835 0.6006342416538444 0.09280754809323426 0.11579896566064968
0 0.4314301533067321 0.9558776305676123 0.08964617229168041 0.08824473886477546
0 0.44339279153943967 0.8904831231137482 0.08703043351343495 0.13954973942096263
0 0.5167443083579353 0.9368174947748316 0.08735781572742016 0.12636501045033696
0 0.5644063444137246 0.9509928339143993 0.08893188783899883 0.09801433217120137
0 0.6043666673409935 0.8969562543412495 0.09905754809323426 0.11612226597441122
0 0.6095220964388138 0.8202929943390918 0.09988095995057762 0.10506503824892682
0 0.6308233588699677 0.7444649268141507 0.10229167549789603 0.12183947168684733
0 0.5365409534250555 0.7136356127961786 0.09456349921258252 0.09924006576523686
0 0.5532390395708957 0.6598142339509522 0.09675595995057738 0.10490338809204626
0 0.5475660960733778 0.5770296428441565 0.09894842068857249 0.11056671041885567
0 0.5645370007308723 0.5093193751100412 0.09679233575213146 0.10675523994389811
0 0.5885333693325773 0.42899638641953775 0.10028109376767039 0.1254354086192972
0 0.5681745808862626 0.32413418992485604 0.11303572437854778 0.1390449722097827
0 0.7076917784056864 0.30817947375789656 0.1145139006638613 0.16132107781763186
0 0.7382671666101214 0.4237656892940322 0.10470239104521445 0.13861390512476765
0 0.7074354662499179 0.692815916716544 0.10444776043433705 0.12565094216180467
0 0.6948164262004956 0.5920615493177677 0.11479167549789603 0.1224860723143698
0 0.7031332310998697 0.5137080876206387 0.1096560937676704 0.1259203590899391