0 0.7890625 0.7698559475613422 0.07916666666666666 0.10060478691582334
0 0.7239583333333334 0.7280208706020578 0.052083333333333336 0.15346806156742754
0 0.6703125 0.7143191375579778 0.057291666666666664 0.14066671957602206
0 0.628125 0.6778248225031762 0.052083333333333336 0.16087546897483493
0 0.5598958333333334 0.651633513701698 0.053125 0.18868557094692437
0 0.41041666666666665 0.8497727695957735 0.04895833333333333 0.1589266445400485
0 0.7760416666666666 0.6055630062435595 0.06979166666666667 0.12623979509294553
0 0.7317708333333334 0.581041079837172 0.08125 0.14326202789703885
0 0.7515625 0.4575811654550166 0.09479166666666666 0.11405261279345895
0 0.76875 0.36367007021671216 0.08854166666666667 0.13052533429425647
0 0.7166666666666667 0.29909089753817353 0.04895833333333333 0.19040812602152998
0 0.6776041666666667 0.30713799951075105 0.05 0.17007007984547118
0 0.6333333333333333 0.25576422125251164 0.0625 0.15749500721424642
0 0.6005208333333333 0.12974600913169895 0.04895833333333333 0.17559331120671523
0 0.5447916666666667 0.16783147955084776 0.052083333333333336 0.17013472823409426
0 0.49947916666666664 0.16086982154274135 0.05625 0.17211587686319213
0 0.44479166666666664 0.11009872726731279 0.046875 0.1644175517069811
0 0.390625 0.16212157286681778 0.046875 0.18293607022549963
0 0.4005208333333333 0.39761383789796234 0.04791666666666667 0.19778320923462595
0 0.4635416666666667 0.3634583405426978 0.058333333333333334 0.17403237710366706
0 0.5135416666666667 0.3909358277955764 0.04791666666666667 0.17000543145684816
0 0.5442708333333334 0.41411161374998834 0.04895833333333333 0.16448220009560408
0 0.5854166666666667 0.39686990090677454 0.04375 0.1754316902351577
0 0.6203125 0.4303601688236177 0.036458333333333336 0.17150171717127338
0 0.06614583333333333 0.7372377715239663 0.065625 0.09833272053792173