0 0.4679270833333333 0.6607222222222222 0.06714583333333338 0.1557037037037038
0 0.4200833333333333 0.6629444444444444 0.044718749999999946 0.16122222222222213
0 0.34709375 0.7171851851851851 0.049260416666666626 0.15031481481481473
0 0.24737499999999998 0.4964444444444444 0.055416666666666656 0.14498148148148146
0 0.0688125 0.5436111111111112 0.08580208333333333 0.12214814814814821
0 0.5162083333333334 0.5762407407407407 0.07492708333333328 0.16266666666666674
0 0.5437916666666667 0.8804629629629629 0.07393750000000002 0.16225925925925927
0 0.29440625 0.8828703703703704 0.06094791666666666 0.16435185185185186
0 0.47853124999999996 0.8840555555555555 0.06931249999999996 0.16888888888888898
0 0.1160625 0.6771851851851852 0.06671874999999998 0.1515370370370371
0 0.13882291666666668 0.5262592592592593 0.05994791666666668 0.1503703703703704
0 0.30421875000000004 0.7114259259259259 0.06631249999999997 0.1486296296296296
0 0.2456458333333333 0.9009814814814814 0.05753125000000002 0.16631481481481472
0 0.57971875 0.7902037037037036 0.08647916666666665 0.15107407407407414
0 0.3794375 0.6729259259259259 0.061812500000000034 0.15505555555555559
0 0.17360416666666667 0.6606851851851852 0.05666666666666664 0.15470370370370365
0 0.3124375 0.4689814814814815 0.07866666666666665 0.15631481481481477
0 0.3409583333333333 0.8825925925925926 0.05954166666666663 0.16012962962962968
0 0.8328125 0.12005555555555555 0.07421875 0.1110925925925926
0 0.1794375 0.7964444444444444 0.051083333333333356 0.1448148148148149
0 0.41212499999999996 0.18064814814814814 0.08312499999999995 0.15159259259259256
0 0.45042708333333337 0.8916481481481482 0.0681458333333333 0.16811111111111107
0 0.3988125 0.9470925925925926 0.053572916666666616 0.10581481481481479
0 0.19419791666666666 0.8822777777777778 0.05357291666666667 0.1455000000000001
0 0.20907291666666666 0.49140740740740746 0.052083333333333336 0.1388888888888889