0 0.5262395833333333 0.6529444444444444 0.06063541666666664 0.15607407407407403
0 0.19757291666666665 0.47051851851851856 0.07408333333333333 0.14566666666666672
0 0.27747916666666667 0.7587962962962963 0.06171875 0.1603518518518519
0 0.22086458333333334 0.7089629629629629 0.07821874999999998 0.13477777777777772
0 0.3012708333333334 0.33875925925925926 0.05138541666666671 0.14535185185185187
0 0.17725 0.3220925925925926 0.09014583333333336 0.1014814814814815
0 0.24798958333333332 0.481462962962963 0.06517708333333336 0.14409259259259255
0 0.34665625 0.36157407407407405 0.05446874999999996 0.15022222222222223
0 0.5850208333333333 0.5937962962962963 0.07056250000000001 0.15992592592592594
0 0.2297708333333333 0.6115185185185186 0.07537499999999998 0.13401851851851854
0 0.5563125 0.901 0.07244791666666663 0.16285185185185175
0 0.3213958333333334 0.7574629629629629 0.050947916666666634 0.16299999999999998
0 0.4381979166666667 0.6146666666666667 0.04717708333333329 0.1616851851851853
0 0.24192708333333332 0.33670370370370367 0.05334375000000001 0.1425
0 0.3614895833333333 0.7825185185185185 0.07558333333333328 0.15938888888888897
0 0.35841666666666666 0.6118333333333333 0.0588229166666667 0.15122222222222217
0 0.39480208333333333 0.6199629629629629 0.04193749999999999 0.15188888888888885
0 0.41141666666666665 0.37333333333333335 0.06740625000000004 0.15766666666666665
0 0.5508020833333334 0.15188888888888888 0.07967708333333334 0.15418518518518523
0 0.6081354166666666 0.8371851851851851 0.08183333333333327 0.16674074074074066
0 0.4773229166666667 0.6156481481481482 0.03902083333333337 0.15720370370370368
0 0.40438541666666666 0.9021111111111111 0.046875 0.18253703703703691
0 0.4598229166666667 0.8677222222222222 0.053572916666666616 0.16401851851851862
0 0.5026041666666666 0.865074074074074 0.046875 0.1772407407407408
0 0.8504479166666666 0.10251851851851852 0.04613541666666663 0.09390740740740743