0 0.5235520833333334 0.6208703703703703 0.04548958333333335 0.1639074074074074
0 0.4747291666666667 0.6176851851851852 0.05056249999999996 0.16229629629629627
0 0.5115833333333334 0.8786666666666667 0.07344791666666665 0.16712962962962963
0 0.21982291666666667 0.49166666666666664 0.07109375 0.14959259259259255
0 0.27877083333333336 0.4992222222222222 0.0653958333333333 0.1530185185185185
0 0.2577083333333333 0.6406666666666666 0.08485416666666665 0.14149999999999993
0 0.41190625000000003 0.7950555555555555 0.07424999999999997 0.16137037037037036
0 0.3243854166666667 0.3491296296296296 0.05539583333333328 0.14783333333333332
0 0.5671041666666666 0.6521851851851852 0.06352083333333335 0.16368518518518516
0 0.43257291666666664 0.6333888888888889 0.04695833333333337 0.15227777777777782
0 0.5457291666666666 0.8765000000000001 0.0629583333333334 0.16670370370370377
0 0.3690833333333333 0.3652962962962963 0.04804166666666667 0.16779629629629633
0 0.19216666666666665 0.34450000000000003 0.08996875 0.1065370370370371
0 0.35467708333333337 0.7798333333333334 0.0609375 0.16424074074074085
0 0.26009375 0.34922222222222227 0.06442708333333336 0.15242592592592594
0 0.6318750000000001 0.5917592592592593 0.07473958333333333 0.16938888888888895
0 0.25516666666666665 0.7358888888888889 0.07533333333333332 0.14831481481481487
0 0.43257291666666664 0.3773333333333333 0.06970833333333329 0.16261111111111112
0 0.60384375 0.9056851851851851 0.07284375000000007 0.1654444444444445
0 0.5780104166666666 0.14255555555555557 0.07564583333333345 0.1517777777777778
0 0.31129166666666663 0.7809814814814815 0.07197916666666669 0.16285185185185194
0 0.39345833333333335 0.6289074074074075 0.057083333333333285 0.15651851851851847
0 0.6618333333333334 0.8391666666666666 0.08287499999999995 0.1697777777777779
0 0.4456875 0.9212962962962963 0.052083333333333336 0.1574074074074074