0 0.5258333333333334 0.6211111111111111 0.04225000000000006 0.16298148148148148
0 0.21862499999999999 0.5004814814814814 0.0701875 0.15085185185185188
0 0.2816354166666667 0.5012777777777778 0.06804166666666663 0.1533888888888889
0 0.47525 0.6174814814814815 0.04834374999999997 0.16237037037037028
0 0.4124791666666667 0.7949259259259259 0.07338541666666672 0.1610000000000001
0 0.26546875 0.6458333333333334 0.08363541666666668 0.13650000000000007
0 0.5215520833333334 0.8778333333333332 0.09393749999999995 0.16862962962962952
0 0.566875 0.6526296296296297 0.06498958333333343 0.16496296296296303
0 0.43735416666666665 0.636888888888889 0.047645833333333346 0.14724074074074073
0 0.3256875 0.35194444444444445 0.05438541666666671 0.14775925925925928
0 0.35551041666666666 0.7805555555555556 0.06218750000000005 0.16348148148148142
0 0.6325000000000001 0.5933703703703704 0.07589583333333323 0.1684814814814815
0 0.3721875 0.36998148148148147 0.04690624999999997 0.16009259259259256
0 0.26169791666666664 0.35064814814814815 0.062406250000000024 0.15192592592592596
0 0.19379166666666667 0.34468518518518515 0.08837499999999997 0.10892592592592591
0 0.6043645833333334 0.9056851851851853 0.07382291666666656 0.1653333333333334
0 0.25677083333333334 0.7369074074074075 0.07906249999999998 0.15055555555555547
0 0.39971875 0.631462962962963 0.0579375 0.1596666666666667
0 0.5799062500000001 0.14387037037037037 0.07731250000000003 0.1511111111111111
0 0.4346979166666667 0.37877777777777777 0.06883333333333337 0.16294444444444448
0 0.5474687500000001 0.8756851851851852 0.06347916666666673 0.17242592592592584
0 0.6619895833333334 0.8394259259259259 0.08200000000000003 0.1705740740740741
0 0.3111041666666667 0.7823333333333333 0.07104166666666671 0.16214814814814826
0 0.4456875 0.9199814814814815 0.04761458333333337 0.16003703703703695