0 0.5618128893396878 0.06515425596400015 0.0861257786793755 0.07664065984362649
0 0.4495997178017571 0.3536445862966742 0.0948409415580136 0.11596061581753045
0 0.3061770002691612 0.3795420124134979 0.10021291612504891 0.13289669941233154
0 0.5559810836035929 0.10742354824283146 0.09622807305138442 0.1511996843883425
0 0.42745607169898797 0.060055151069984304 0.08824547673130922 0.08045213031858396
0 0.4352838476713734 0.48616966884560436 0.10118185335451481 0.12554317539055082
0 0.4496607199660311 0.41287690386312004 0.10012200432854783 0.12363744015307226
0 0.46022166260728004 0.26905211835338466 0.10028564556224992 0.14030410681973893
0 0.2972448319787399 0.47717826839819066 0.10337428084364943 0.1367620532729158
0 0.41736114501953375 0.5694590271635798 0.09705155140644853 0.12903134555174725
0 0.6021792470227503 0.30600988842827026 0.09613716125488357 0.1419404251290833
0 0.48333069724005645 0.07775272701583728 0.08749472781344624 0.1100278765625867
0 0.37200082332164425 0.2441286018975429 0.10456140638471799 0.15163075147335753
0 0.6270182418823251 0.23788558693168438 0.09509549458821691 0.14188654174345638
0 0.6379064669909782 0.12739413475528238 0.09288488473978186 0.1288158120092396
0 0.26985621753039907 0.5507234169862649 0.10668110443665171 0.15544222194831508
0 0.43503693262736304 0.6730989391113875 0.1067356515145524 0.16099777750387062
0 0.38797656033490224 0.1746203656972026 0.10335609848434922 0.134910201421064
0 0.5881296571954968 0.41263598674408786 0.10249625541068473 0.15337483655395565
0 0.2949057627153839 0.291966141520192 0.10024928084364942 0.13660040311603522
0 0.3951617689390445 0.11113560220051531 0.10238716125488345 0.14226372544284452
0 0.2965407218589469 0.670562078452642 0.11435460064862314 0.19470829453659202
0 0.682660045451949 0.70904439134592 0.10373792802965388 0.17379909030995283