0 0.438230744259409 0.4761561469074492 0.09404194712759875 0.08531758887711939
0 0.5241548424380263 0.9763000374860499 0.08650780522561093 0.047399925027900316
0 0.5218250260837171 0.9089537978132518 0.09060270616689484 0.1295896240004115
0 0.4438674170402091 0.5661433710434164 0.0952351608163409 0.09461995046666684
0 0.3478753975539026 0.6796843445889305 0.09492091985563723 0.1390212925808231
0 0.44112059536318926 0.9302069289080868 0.08272401389978831 0.1395861421838266
0 0.29475352889914513 0.4868746919943625 0.10073544127727287 0.17627384126930068
0 0.4183138321894269 0.4040840086659677 0.09676177795364953 0.12429268242658445
0 0.43507787696802763 0.6333264914982721 0.08690182748300757 0.09427513182436213
0 0.6027527695517032 0.8290255485726757 0.0870836839094982 0.10538624293547325
0 0.35992877205898577 0.7801153678918111 0.09565949247815268 0.12054587639259277
0 0.44710319697352585 0.28683700889094715 0.09917851473554909 0.144749257457531
0 0.5889040010552304 0.7461009132018116 0.09312151807859266 0.09268189395423881
0 0.6072209645898998 0.9414392810409263 0.08940949247815269 0.11712143791814734
0 0.6123423774956429 0.990395210794342 0.06313649749271756 0.019209578411315913
0 0.2736090859503506 0.33980255375288104 0.09703456259338558 0.1409593490932511
0 0.38923427315855424 0.940165052683992 0.08968227711788875 0.11966989463201601
0 0.44087167022917956 0.7011130445771611 0.09345492152715877 0.11305226432460919
0 0.7030636919589609 0.3751533064241574 0.0908754908066309 0.14625629066707835
0 0.5803146034569899 0.634709636943828 0.09584134890464331 0.1316569875037039
0 0.2939957937887671 0.4405783956980662 0.10089813521590105 0.12261323989588496
0 0.30679243793422967 0.23661685218790168 0.1014437044953733 0.1559465732292183
0 0.3617529097821693 0.8597665486865849 0.0959019677134736 0.1353606912074076
0 0.2756271034569898 0.6221022053345683 0.09315182748300757 0.09453374580609067