0 0.41354166666666664 0.06109365217306713 0.08958333333333333 0.06112132291686368
0 0.4786458333333333 0.07666954899572322 0.090625 0.08157794467343359
0 0.6354166666666666 0.2933540863224569 0.09791666666666667 0.13773725993238592
0 0.6583333333333333 0.21006643163366148 0.096875 0.14505841595359373
0 0.5651041666666666 0.10234693256880313 0.096875 0.117280638175816
0 0.3651041666666667 0.28486074049256654 0.10416666666666667 0.1715881015829164
0 0.4734375 0.7604975513239848 0.10729166666666666 0.1644394483341077
0 0.4708333333333333 0.4612078487844119 0.1 0.1342060590010813
0 0.44635416666666666 0.6397364967642784 0.103125 0.14372407241893917
0 0.3854166666666667 0.11154264252345747 0.1 0.13420605900108126
0 0.6630208333333333 0.10952863694563346 0.09479166666666666 0.08562665392193544
0 0.465625 0.37744325852008087 0.096875 0.12468804558322341
0 0.30052083333333335 0.5674761175111583 0.10833333333333334 0.1515627367573443
0 0.30104166666666665 0.45825998394499884 0.10520833333333333 0.1605632418580049
0 0.38697916666666665 0.20704238997312713 0.10625 0.11990875250346363
0 0.2760416666666667 0.669152913639173 0.109375 0.17016750666206235
0 0.46197916666666666 0.5549191564461603 0.10520833333333333 0.13278546408022715
0 0.6244791666666667 0.4155965949155099 0.10208333333333333 0.1528970802919989
0 0.7432291666666667 0.736540364053368 0.065625 0.12950791140464477
0 0.31979166666666664 0.7838865829706646 0.11458333333333333 0.15763580063009688
0 0.28541666666666665 0.35696621315200583 0.11041666666666666 0.14432783212233585
0 0.47708333333333336 0.2996883200645721 0.10520833333333333 0.1272299085246716