0 0.38545514089571714 0.9120370370370371 0.06334944807472229 0.14444444444444443
0 0.819431403813495 0.8231481481481482 0.11000624252763913 0.12777777777777777
0 0.7426753788007867 0.7981481481481482 0.058650261017916705 0.18333333333333332
0 0.6710791969998375 0.7768518518518519 0.06502148632185177 0.1925925925925926
0 0.6252220540793052 0.7388888888888889 0.06603890792773157 0.19074074074074074
0 0.5614504948087496 0.7166666666666667 0.06916390792773157 0.19074074074074074
0 0.8034933953912033 0.6481481481481481 0.0867510159571296 0.1814814814814815
0 0.7485881253177081 0.625 0.0742510159571296 0.1814814814814815
0 0.776036440983611 0.4777777777777778 0.08234189868259278 0.16296296296296298
0 0.7941335662367128 0.3685185185185185 0.09905705547083343 0.16666666666666666
0 0.737072663121111 0.3111111111111111 0.06930937829245375 0.20185185185185187
0 0.6886957757730786 0.30648148148148147 0.05772981965518511 0.1925925925925926
0 0.6381632553829397 0.2675925925925926 0.08488588817087978 0.19814814814814816
0 0.6262304014699072 0.46296296296296297 0.06918815298851845 0.1925925925925926
0 0.5880160431238655 0.43796296296296294 0.058674506078703816 0.18518518518518517
0 0.5390092196689582 0.44166666666666665 0.0682192215042131 0.19814814814814816
0 0.4878225181111572 0.412962962962963 0.06216318199050927 0.21296296296296297
0 0.44392748322002296 0.38425925925925924 0.07030255483754644 0.19814814814814816
0 0.37775696935231456 0.42592592592592593 0.08537078938662053 0.2351851851851852
0 0.6026149827762962 0.11851851851851852 0.06715330977675933 0.1962962962962963
0 0.5413259293948843 0.14537037037037037 0.0797987801414815 0.2074074074074074
0 0.4887460077890046 0.14351851851851852 0.07580182890032414 0.22037037037037038
0 0.4293714432625926 0.1037037037037037 0.08292378014148151 0.2074074074074074
0 0.36769446890858787 0.16018518518518518 0.09140258383953714 0.21851851851851853