0 0.5212615235398176 0.6288830589064025 0.07593585819564079 0.15898570635094225
0 0.42839775227743465 0.8288531663726194 0.07898810659253286 0.1555083741892628
0 0.6326239389688126 0.863988101779677 0.06354498560030232 0.16363577573839957
0 0.8204546401164335 0.6747062548743055 0.06659723399719462 0.16015844357672054
0 0.5710068929289404 0.6382240771969735 0.0636541130049641 0.16919133129395514
0 0.7185366352788374 0.8855029335614435 0.0576091362358909 0.12622145279798866
0 0.682478435762597 0.8677735645146925 0.0645139006638613 0.1600075292153709
0 0.9377347390871361 0.5820712485601395 0.10086310659253286 0.1570929749834344
0 0.8699486978283146 0.5379773484106046 0.06645173079097902 0.15275103616931313
0 0.64710146383112 0.7094543690885502 0.07080027646541515 0.16231212415127166
0 0.7593633837322749 0.5016068222983675 0.06447752486230722 0.15815567736351904
0 0.609814762318063 0.6483573958846301 0.07169643992586619 0.15498017392453908
0 0.6373263741701735 0.14800054973908391 0.08929564585453775 0.1507073904404557
0 0.6977000271680147 0.4635416605462649 0.07916998560030232 0.16476763344852216
0 0.49326547623400097 0.8361741296174793 0.06541006412431234 0.1526755789886381
0 0.401122627291571 0.7346696711352185 0.07054564585453788 0.1493491611883087
0 0.7999156321291672 0.5023676959557526 0.07176919152897389 0.15868387762824276
0 0.7748411989811682 0.8786504680272247 0.06813493030721934 0.1325315801602924
0 0.876140815192348 0.6993352708215681 0.07288360979874847 0.1624630385126213
0 0.6746874425970097 0.708380679726593 0.08850860979874847 0.16359489622274379
0 0.4732440047245054 0.5315790776528687 0.08110781572742004 0.1575111404024645
0 0.5170898784726974 0.8677342192049541 0.062394191528974116 0.15800476300216942
0 0.5693782350369576 0.9064784955831301 0.0582506690854648 0.10592653960829289
0 0.4805571340694384 0.9535953680908944 0.001150794071328439 0.005631012736230163