0 0.4654583333333333 0.6678333333333333 0.07241666666666664 0.15320370370370373
0 0.5546875 0.8615370370370371 0.07638541666666665 0.1499074074074075
0 0.34934375 0.9106481481481481 0.06057291666666664 0.1596666666666667
0 0.16504166666666667 0.7348888888888888 0.06358333333333334 0.15550000000000005
0 0.4155625 0.6804444444444444 0.06062500000000005 0.16405555555555562
0 0.2630208333333333 0.9388888888888889 0.05520833333333333 0.12222222222222222
0 0.29954166666666665 0.9181851851851851 0.0612395833333333 0.15549999999999994
0 0.04930208333333333 0.6509259259259259 0.09786458333333335 0.1506666666666667
0 0.11817708333333334 0.6021296296296296 0.06362500000000001 0.1476851851851852
0 0.33811458333333333 0.7569999999999999 0.06731250000000001 0.15703703703703695
0 0.22971875 0.5573888888888889 0.06192708333333332 0.15425925925925918
0 0.37663541666666667 0.6934814814814815 0.069 0.14974074074074076
0 0.35901041666666667 0.19442592592592592 0.08678124999999995 0.14494444444444446
0 0.29198958333333336 0.5145 0.07653125000000002 0.15983333333333338
0 0.4895833333333333 0.8732777777777778 0.0626041666666667 0.1476481481481482
0 0.5837812499999999 0.7648518518518518 0.06763541666666674 0.14455555555555546
0 0.18884375 0.5613148148148148 0.06854166666666668 0.1545000000000001
0 0.20696875 0.9357037037037037 0.0651979166666667 0.1285925925925927
0 0.10870833333333332 0.7638148148148147 0.06934374999999998 0.15761111111111115
0 0.31059375 0.7587592592592592 0.08559374999999995 0.15755555555555564
0 0.5154583333333334 0.5667407407407408 0.07801041666666665 0.15253703703703705
0 0.4653541666666667 0.9060925925925927 0.05908333333333336 0.1544629629629629
0 0.41219791666666666 0.9490740740740741 0.056552083333333295 0.10185185185185185
0 0.5 0.9894259259259258 0.0014895833333332812 0.005296296296296111