0 0.4903930007582412 0.9531848737014516 0.0662319974668519 0.09363025259709687
0 0.8793914043175697 0.6770088205233878 0.11218655610412043 0.14318364633671762
0 0.802066055849954 0.6926835568594089 0.06284117274537047 0.1895617016643255
0 0.7304819965793984 0.7096992336150676 0.07025406471597222 0.1993491611883087
0 0.6793069820784031 0.6958166465768155 0.07127148632185178 0.19757276651713165
0 0.6154626876254864 0.70784269663198 0.07442073138263888 0.19965098991100796
0 0.8278877750751853 0.5187949748117036 0.09099041780615759 0.19345089739439786
0 0.7717711229095142 0.5249054722404477 0.07846617274537047 0.19069355937444799
0 0.7666337828641899 0.37097539699471943 0.08655705547083344 0.17277869830132822
0 0.7614968782924537 0.2568224079734687 0.10329645731986119 0.1795415687476811
0 0.6956173051541898 0.23262416114650966 0.07456620174736107 0.21076210102211915
0 0.6495662017473613 0.2524144647546277 0.06296239804930555 0.19882096092358487
0 0.5937521773679398 0.24189602410704256 0.09016695668657419 0.21004210688038982
0 0.6233085069015512 0.4327467996934772 0.074444976443426 0.20150284176285993
0 0.5826713843711576 0.42887804372123267 0.06286541780615759 0.19141355351617745
0 0.5367415062682641 0.45792760658861 0.07241013323166688 0.20505563110521388
0 0.48313204052611136 0.4568193395616338 0.06739576038462972 0.21949316001665461
0 0.43623279546532423 0.45157191457941437 0.07451771162578709 0.2070583973184155
0 0.3825514654879863 0.5244622644458374 0.09166927950819452 0.24530274924624992
0 0.5298095962511111 0.12718340808136733 0.07211919250222228 0.18283340888299168
0 0.477872168756088 0.17429874638321413 0.08507984865717605 0.21892408023627488
0 0.4282479671982871 0.1993805054145258 0.08103440729444458 0.22788151077283483
0 0.36304682028847235 0.18725702421494123 0.08830182890032413 0.2265578591857068
0 0.3179049066611575 0.27649177226750365 0.09668365235523156 0.23086522033480922