0 0.12053124999999999 0.33664814814814814 0.08631249999999999 0.12037037037037036
0 0.18823958333333335 0.3459074074074074 0.04017708333333333 0.15211111111111109
0 0.25446874999999997 0.3445740740740741 0.044645833333333315 0.16270370370370374
0 0.2942708333333333 0.3723518518518518 0.039437500000000014 0.16798148148148145
0 0.3523020833333333 0.36242592592592593 0.04538541666666672 0.19312962962962968
0 0.5063229166666667 0.14946296296296294 0.07217708333333335 0.20370370370370366
0 0.5457604166666666 0.5813518518518519 0.04836458333333334 0.19179629629629638
0 0.14769791666666665 0.49074074074074076 0.06919791666666668 0.13492592592592595
0 0.20163541666666665 0.4993333333333333 0.05952083333333332 0.13359259259259257
0 0.18378125 0.634925925925926 0.07291666666666667 0.13227777777777788
0 0.17894791666666665 0.7222222222222222 0.06770833333333333 0.14020370370370377
0 0.22916666666666666 0.7751296296296296 0.05357291666666667 0.1772407407407408
0 0.27120833333333333 0.7645555555555555 0.042406250000000006 0.17988888888888888
0 0.3206875 0.7896851851851852 0.050593750000000055 0.15609259259259253
0 0.31584375 0.6137592592592592 0.034968750000000055 0.1587222222222223
0 0.3508229166666667 0.6355740740740741 0.036458333333333336 0.16270370370370374
0 0.39471875 0.608462962962963 0.039437500000000014 0.18253703703703714
0 0.43378125 0.6183888888888889 0.038687499999999986 0.18122222222222226
0 0.484375 0.6428518518518518 0.041666666666666664 0.18518518518518517
0 0.36160416666666667 0.9080740740740741 0.056552083333333295 0.15475925925925915
0 0.4140625 0.8617777777777778 0.04836458333333328 0.18914814814814823
0 0.4594479166666667 0.8644259259259259 0.054312499999999986 0.17857407407407397
0 0.5167395833333333 0.8895555555555555 0.05729166666666661 0.18914814814814823
0 0.5751458333333334 0.8260555555555555 0.07142708333333327 0.1706296296296296