0 0.5574200606565503 0.16327546241933485 0.062263162117049596 0.15301746959510532
0 0.1822773063148271 0.40811657448912125 0.10007708271265775 0.12723337708552213
0 0.2562356396481605 0.41194229486862977 0.05388131237897908 0.15073455065823838
0 0.32073478729079563 0.3985894564180163 0.0582905610693319 0.16020934346000523
0 0.3613226819696507 0.4220141464465745 0.04981167852178695 0.1542227208194346
0 0.42510693066000355 0.4160417737105549 0.06032537799792799 0.15846525837940711
0 0.22212173573347943 0.5594537507595242 0.0779366785217869 0.15567757223136047
0 0.27700330135242834 0.5548752210975282 0.07456909649810063 0.14625666281522046
0 0.26332318844959046 0.6988077733785173 0.0849372467600301 0.14494364481963742
0 0.264664492557905 0.7869593281911743 0.07565927956950459 0.14816239805269923
0 0.31828463165368576 0.8305289466773262 0.05957480975968477 0.16952248610489132
0 0.36090877929632087 0.8160445571285483 0.053373326164422016 0.17105103764298182
0 0.40749268086789747 0.829580420592869 0.0628453589738965 0.17523969181732743
0 0.3983660070323195 0.6603614180612011 0.051095927212139715 0.16353586346432078
0 0.4319290752705627 0.6732237392051857 0.05327629335494753 0.16734733393927811
0 0.47508690336530746 0.6383689792860374 0.05649832616442201 0.1712126877998626
0 0.5165837626153938 0.6470057961925942 0.054317960021614195 0.16740121732490504
0 0.566195631377496 0.6644070135174993 0.06587332616442201 0.1716976382705045
0 0.6174699050194403 0.5984479558162578 0.07161533994986513 0.19233742556900926
0 0.6640580374986894 0.8307986964200449 0.08515700661653179 0.19303790958215863
0 0.6106875834046354 0.9141295261716529 0.07226887537863386 0.17174094765669418
0 0.45621697119076904 0.9273795520361471 0.06483165949775535 0.1452408959277058
0 0.5075269141186745 0.8931673840248233 0.06238588916407674 0.19740803065392293
0 0.5520888458804313 0.8843463168028547 0.0652683071403904 0.18831042155154423