0 0.7690854610408725 0.4962962962962963 0.07543110443665171 0.15
0 0.4701945849581864 0.38333333333333336 0.04640989664438682 0.1648148148148148
0 0.5552267859862714 0.36944444444444446 0.045204588744018066 0.14814814814814814
0 0.517033220239586 0.387037037037037 0.05677201623315279 0.15925925925925927
0 0.7091987188871893 0.49537037037037035 0.07131898484788574 0.15555555555555556
0 0.7246612605533068 0.3527777777777778 0.08363716125488357 0.13703703703703704
0 0.44869087013038367 0.13333333333333333 0.05375611038895419 0.17037037037037037
0 0.4277862605533069 0.3527777777777778 0.06410004761841985 0.16296296296296298
0 0.5936593584971367 0.38055555555555554 0.05256898484788574 0.15555555555555556
0 0.5869988022194242 0.2101851851851852 0.05256898484788574 0.15555555555555556
0 0.6619289791691382 0.6416666666666667 0.06503262012928511 0.15185185185185185
0 0.3652070760297326 0.41388888888888886 0.07351141233702047 0.16666666666666666
0 0.6332529659099397 0.22037037037037038 0.05368338095175318 0.16296296296296298
0 0.7936543566042208 0.6462962962962963 0.09273942586538007 0.10925925925925926
0 0.3353063896110458 0.17037037037037037 0.08184474567035369 0.16666666666666666
0 0.7264850389635211 0.6444444444444445 0.05982428679595178 0.15185185185185185
0 0.3927499702384875 0.10185185185185185 0.07665459469632066 0.1685185185185185
0 0.7255249226200675 0.26481481481481484 0.06695231222891636 0.13518518518518519
0 0.6235782272751238 0.6222222222222222 0.05573034956648613 0.15925925925925927
0 0.41450732549031183 0.8564814814814815 0.08071216720718594 0.1574074074074074
0 0.557962318454774 0.6212962962962963 0.07033186525911977 0.16111111111111112
0 0.545993155573939 0.08981481481481482 0.053665198592453105 0.16111111111111112
0 0.49139011228406687 0.13425925925925927 0.05167277705562086 0.17037037037037037
0 0.6764548590376561 0.22314814814814815 0.053792475107554576 0.17407407407407408