0 0.4788015804158801 0.40395073241701374 0.05319845512412063 0.17360377495293963
0 0.7760815355134868 0.5993299925269874 0.07919163823466609 0.16781306983681676
0 0.7136542608476686 0.5843387959167933 0.07712042579036311 0.16953558550536585
0 0.5292315070814861 0.4209760237509949 0.058406788457453965 0.17392711541119646
0 0.6027121599830312 0.25972971538002537 0.08343103023551444 0.17918285331453343
0 0.739060675525153 0.4441918294039341 0.09161891290048439 0.15747797582552228
0 0.5002538088796974 0.1514757224546864 0.10433708890302971 0.19158732625867225
0 0.4405083919743345 0.3635950500629496 0.07510981779121148 0.18051736043317418
0 0.567858019971365 0.4104057801791331 0.05726815467854512 0.15904763250473036
0 0.6601349670592145 0.720887872103213 0.06353027556757525 0.16128749290649053
0 0.6582716342032736 0.2891153842093004 0.07301436356884779 0.17853617239801955
0 0.3714553697485771 0.4056232523102545 0.08660451379163565 0.1867842649968951
0 0.6149982199501539 0.691222958264526 0.057340880012726816 0.1701587436158415
0 0.7241126208360025 0.7378279227027361 0.07189997156799942 0.16736039319525717
0 0.7906520181678509 0.7614111250128692 0.09561588712072695 0.1318107222662019
0 0.41925228710481843 0.10846864834291545 0.08441209245702978 0.1699882621469256
0 0.7537049781986072 0.35617595975233884 0.08857875912369645 0.1702469345135311
0 0.6052731737481528 0.4256967944415459 0.06881133423509027 0.17272194447585848
0 0.3945031768247605 0.8646473620089465 0.08649542579036312 0.17011759833022844
0 0.5536732163961539 0.667037170486724 0.07926436356884778 0.17892418094792809
0 0.4742303235465762 0.14708124238562403 0.07411663468066602 0.18786009974893025
0 0.35798752310100046 0.15468556498130945 0.09287875556969638 0.190875977250507
0 0.7030208777583342 0.2983775936317914 0.08135981779121147 0.18090536898308252
0 0.5780458493263336 0.12758979157901085 0.058382546679393243 0.1702234117074928