0 0.5691979166666666 0.0667962962962963 0.05059374999999993 0.1335925925925926
0 0.14806249999999999 0.2619074074074074 0.10118749999999999 0.10316666666666666
0 0.22618749999999999 0.26785185185185184 0.04315625000000001 0.17327777777777775
0 0.29910416666666667 0.27049999999999996 0.04910416666666665 0.18122222222222226
0 0.34784375 0.2976111111111111 0.04985416666666668 0.17988888888888888
0 0.4129479166666667 0.3029074074074074 0.053572916666666616 0.17988888888888888
0 0.1796875 0.4305555555555556 0.07217708333333335 0.16535185185185183
0 0.23586458333333335 0.4398148148148148 0.05952083333333332 0.1679814814814815
0 0.22246875 0.5912777777777778 0.06993749999999999 0.1455000000000001
0 0.21428125 0.7043703703703704 0.08631250000000001 0.14683333333333326
0 0.2760416666666667 0.746037037037037 0.052083333333333336 0.1904814814814815
0 0.32440625 0.7387592592592592 0.041666666666666664 0.1838703703703703
0 0.3779791666666667 0.7652037037037037 0.0684479166666667 0.1838703703703703
0 0.3720208333333333 0.5694444444444444 0.053572916666666616 0.18122222222222226
0 0.41183333333333333 0.5840000000000001 0.04240625000000004 0.17592592592592593
0 0.4605625 0.5681296296296297 0.050593750000000055 0.18650000000000005
0 0.5137604166666666 0.5846481481481481 0.04389583333333332 0.2037037037037037
0 0.5591562499999999 0.6018518518518519 0.052822916666666705 0.18783333333333346
0 0.6212812499999999 0.5443148148148148 0.06547916666666656 0.22090740740740739
0 0.42634375 0.9034444444444445 0.050593750000000055 0.18518518518518517
0 0.4851145833333333 0.8617777777777778 0.0625 0.19444444444444445
0 0.5368333333333334 0.8511851851851852 0.057291666666666664 0.20766666666666675
0 0.6000729166666667 0.8796296296296297 0.06472916666666677 0.20105555555555543
0 0.6555104166666667 0.8048888888888889 0.07440625000000006 0.2023888888888888