0 0.7858296623580189 0.5376244634651451 0.08273201845355255 0.15883133265744862
0 0.5311996491769099 0.6383048106465441 0.06744657576658936 0.17299961251794263
0 0.7341398283656301 0.5410464536714414 0.07544035178688588 0.1585296163454321
0 0.4900325935115118 0.6375281945260912 0.05390490909992269 0.17243928222419758
0 0.6870782351588588 0.3880300647265443 0.07018957378942285 0.15646225284214002
0 0.750039855691644 0.7798930144053098 0.09206457378942284 0.15736740177818948
0 0.6429250108496275 0.403812359447038 0.07148590844086726 0.1676164662835392
0 0.7488133682136974 0.674186600693746 0.0845182391379789 0.14595457435506204
0 0.6004139050960153 0.825602784191112 0.08298668643833006 0.16994244376855974
0 0.6841080180744501 0.8133102298734166 0.08307157576658947 0.17364614747226345
0 0.5735896475292712 0.6539608950772436 0.05165179711007113 0.164945670156214
0 0.35825912479185823 0.8368993398605766 0.08840724309231145 0.17941721467925933
0 0.7473887901652014 0.3951596295128818 0.06502368512021922 0.15809859304255153
0 0.8172653461601272 0.39434378193847863 0.09842245784523863 0.11692837734946525
0 0.6446095740693759 0.8079686376187664 0.05807157576658947 0.17261169154534972
0 0.4525317305206832 0.8862135734523052 0.07269735376405227 0.1750669760212346
0 0.5023831741962296 0.8947639667876139 0.07365413110245976 0.1714063746478191
0 0.4523972605324935 0.16422763987139988 0.08519735376405227 0.17558420398469146
0 0.39346443112870555 0.5973870155330459 0.08311402043071894 0.17549799932411528
0 0.5813393435239055 0.4068248775155976 0.0704017971100709 0.16572151210139918
0 0.4419576455521049 0.6651966681276138 0.06940257510753393 0.16753026162296306
0 0.6116953701908637 0.6518304264290544 0.056605462458626715 0.15405007069654345
0 0.55094978058411 0.9242988758287247 0.051906465094848406 0.1514022483425505
0 0.40039622755493365 0.9061759571643008 0.06999680040534813 0.18764808567139854