0 0.41049340494520226 0.16117672054377996 0.06505693879068594 0.1592822106774752
0 0.40273627204965823 0.6008299143870373 0.08468040177873656 0.1894936758047122
0 0.39350146050165985 0.8434871553682528 0.08292461706592226 0.2005401385272002
0 0.44605767978410804 0.8964359268936838 0.08024077792830416 0.18010511976820673
0 0.49547561096148685 0.8440230880294282 0.07102955223856355 0.18536975757495855
0 0.542130030530296 0.8323994761973806 0.06763159505479782 0.17601352573276494
0 0.5966286751858382 0.8547603679729444 0.0696603369513781 0.1742263222695362
0 0.6343315381436031 0.7231542761022647 0.08753244459497082 0.18033138912838753
0 0.6757731950107223 0.6765394242509011 0.06505250942232953 0.19443507166834909
0 0.7176582274244017 0.6678390490710331 0.06757700361804453 0.17416167388091308
0 0.7800151047799841 0.6177999355556614 0.09652530453769875 0.16765934391422807
0 0.7595801338014083 0.5166753780758184 0.08759146540008042 0.14703037998936544
0 0.7342075719890868 0.3888767518128372 0.07854401402059945 0.15785057335167305
0 0.7854653897185879 0.3623090283887288 0.08616322930778514 0.16918795382296475
0 0.7955869523597063 0.19548074075050456 0.09921357304367338 0.1529415016823478
0 0.7293636612395997 0.23546396585793714 0.061054046434278794 0.16470846945578477
0 0.6696087358665058 0.26784583839209325 0.06598942258384616 0.155610831168083
0 0.6256425848036713 0.2941872924560211 0.07081118649155087 0.17796235016755135
0 0.5673955679938243 0.32837253055056176 0.06774077792830392 0.17971722943646865
0 0.6265514827385739 0.5457805507533807 0.07081118649155087 0.17796235016755135
0 0.5916054873368438 0.5838681241055421 0.061381595054797816 0.175819580566896
0 0.5453332078253069 0.5825287729746267 0.06560285315821754 0.17780072919599366
0 0.5020516644060654 0.6032985093858432 0.06280540177873656 0.18881486772417042
0 0.4609921475962182 0.6369503982742439 0.06867326172146448 0.1760458499270764