0 0.2117762543274494 0.41445343913626653 0.08491519859245304 0.16542178196126164
0 0.44858123538730654 0.6210485870395727 0.06941747510755457 0.17757649413982138
0 0.2614827004853689 0.4401610481016916 0.07762353192578644 0.16504459826187337
0 0.4893516942617084 0.637964853893836 0.05689929274825438 0.17507804166044708
0 0.32633758630838616 0.312101161607517 0.0723970162331528 0.16292332948188723
0 0.21787670616631333 0.6646420309859605 0.0942901985924531 0.16590673243190351
0 0.36780161092947344 0.3466369627471862 0.07354777705562085 0.17408832397862514
0 0.23144182737883398 0.5616926946810332 0.08582958874401812 0.15251270238392559
0 0.3584418869018589 0.7718624046599627 0.08502429274825438 0.17653289307237274
0 0.2783271014583036 0.7242218071409877 0.08506065746685489 0.18023659677607645
0 0.4058638108743231 0.6179134423029446 0.05370156331105349 0.16750898409615889
0 0.5943559323560049 0.8877168118225282 0.09032353787808892 0.1860615692597662
0 0.2662872029210009 0.29326212619323055 0.06718868289981952 0.16265391255375272
0 0.19779439204448093 0.26288091258281804 0.09909852002118141 0.1254354086192972
0 0.31748960443445484 0.736427619287181 0.061084141774221244 0.1771454270548062
0 0.4960366176914564 0.894661868917825 0.07466217315948853 0.18154961477165948
0 0.44644835686898837 0.8809912969894368 0.07566747510755457 0.1778997944535827
0 0.5834072456703538 0.19676053753927988 0.08716217315948853 0.18219621539918204
0 0.5893244207227579 0.6403598811362388 0.0850788398261552 0.1820884486279283
0 0.4274311639596766 0.37563424165384435 0.0724697456703538 0.17033073688929454
0 0.5335471620645639 0.6855983264605352 0.0714462613629872 0.17212870535551947
0 0.3682092608202712 0.6002328996796362 0.05881898484788574 0.15851914176503404
0 0.39355063636024123 0.9013913924706142 0.054852324133521556 0.17867397859289694
0 0.5443260227237777 0.920339419957859 0.07265156926335598 0.15932116008428204