0 0.5825056823824324 0.16565402214272065 0.10022263192686935 0.13680356198763488
0 0.4258960402545756 0.38403749601975873 0.09879283402230486 0.12189169572970336
0 0.29359152646913267 0.39213085883586113 0.10186931761756762 0.12033099820720176
0 0.4098686258627175 0.45772730153768265 0.10245151447441453 0.14255322042942398
0 0.43020115315741353 0.2396415772968726 0.0946261673556382 0.12150348995723638
0 0.43273246801909504 0.5814498839118977 0.10952629335494753 0.17461701056960574
0 0.5701226652887236 0.27959537396948475 0.10729741080740259 0.16886735212781678
0 0.5918093438105105 0.12939339665061755 0.09918096526020292 0.13670651054451813
0 0.43545513082511617 0.3180987151764676 0.10155539702195947 0.1480117245418628
0 0.3458404363113738 0.17144964805455615 0.10502001185512017 0.16126584183417594
0 0.3655379422389339 0.09717359666161486 0.1043407821887989 0.13533991590824998
0 0.444871544251813 0.17789175737286894 0.0972431811410812 0.14206796321384024
0 0.29971305528136977 0.596902128413849 0.1131849738070572 0.19527853526932656
0 0.2845376272406605 0.21957289377904715 0.08890984780774787 0.14129155166890625
0 0.26466313372060035 0.4998897579431277 0.10923519492652407 0.16350589945849484
0 0.6823101035304202 0.5610781345767222 0.10099889440266523 0.16643319161726436
0 0.29675506782546157 0.33116532488942513 0.10082765095090096 0.12023394676408501
0 0.3698758523573648 0.0511684546946688 0.10816496195193702 0.04332963197435786