0 0.5946903208147913 0.9819002437224285 0.08788786844896966 0.03619951255514319
0 0.530149410593064 0.974104141167161 0.08588938133884814 0.051791717665678
0 0.34803386171230605 0.8720406485402064 0.09355679556545411 0.13346573702526754
0 0.4432611505941246 0.9583295253281691 0.09440452800763595 0.08334094934366182
0 0.622155462152579 0.9379191493285807 0.09766285778696944 0.12416170134283865
0 0.36942475594103297 0.7877175099607825 0.09662119112030254 0.12433578475687244
0 0.550549311081062 0.4164058559014823 0.1007878577869692 0.1245081940780248
0 0.6384353550551843 0.759023096360289 0.10100603378951452 0.15784152741135812
0 0.5285281306227596 0.5970252907772023 0.0986802826755754 0.12071828571374513
0 0.34580471281563974 0.9688144913872019 0.09419847289412099 0.062371017225596175
0 0.6970849261882137 0.4743351363239517 0.10394922045406028 0.13019305662444453
0 0.6979747168470323 0.5771775675971615 0.10298027912157531 0.14126106540526764
0 0.5179917146456676 0.2965080628137456 0.10615376267769652 0.1487977798035392
0 0.24925953108424365 0.3622610646164201 0.06331209956502994 0.12666021389135815
0 0.5363220843942448 0.6797775168269145 0.09865604089751466 0.11701458201004142
0 0.535917129296638 0.5028610114796305 0.10282270756418134 0.11718699133119356
0 0.6181103692711847 0.8396856335662973 0.10483331556333297 0.10616208488065863
0 0.7160655879747587 0.360274612289178 0.10196285423296937 0.14492166677868326
0 0.7171300368396083 0.675218734094857 0.09970982845321169 0.11890953619218125
0 0.37187814128475977 0.6516710523451034 0.11338482489921162 0.13984023685629646
0 0.5170266443878814 0.7623350082150624 0.106989374230848 0.11735940065234571
0 0.6698451159823947 0.25833500742621496 0.11654618756630247 0.14552509940271618