0 0.45222488443576375 0.36612259405353975 0.08660554559240742 0.17386165912370377
0 0.10842508789342571 0.4751116267020578 0.07609189868259267 0.16602322841341569
0 0.04617058681641196 0.4334857398398766 0.09234117363282392 0.17437888708716062
0 0.23657825221650458 0.12003406765600859 0.06620775240606486 0.12674641855193422
0 0.5015819548513193 0.45710194596139997 0.09600479065319452 0.1761014319481483
0 0.2843087261913887 0.5342693235377372 0.09178963386495376 0.17222531892329226
0 0.370339722645833 0.8491087862187661 0.09801538880416677 0.17063208105316874
0 0.40642791869361095 0.361448313743087 0.06989038880416677 0.16946831813539107
0 0.1503961242406943 0.33417847382555577 0.07512296719828715 0.17153568163868327
0 0.3307018732907637 0.2943914035780252 0.06463356534925933 0.16554910278024704
0 0.22111861290613402 0.5047882295383131 0.09077221225907414 0.17403406844485614
0 0.534627831243912 0.16201251491316954 0.09806387892574074 0.17433578475687256
0 0.5626549800535879 0.2502564171982724 0.10005023201592612 0.16701458201004132
0 0.3332956593213889 0.1360796214098359 0.061654035713981634 0.1765309069004939
0 0.28065512506354157 0.13668073150806626 0.07093205547083344 0.1695114204656791
0 0.17992428945122663 0.506789391195638 0.08132447707671304 0.1680905919167079
0 0.36805596745245356 0.34689056455946554 0.06456083016689812 0.15999354722469147
0 0.3918355111449999 0.08291624518526809 0.08057288019231486 0.11068318450930052
0 0.47224905654784716 0.15016711583662623 0.0782479671982871 0.17166498862954743
0 0.2890109615633101 0.2945191622183544 0.09285554559240741 0.17412027310543232
0 0.09280182978777764 0.31511962782790137 0.08561236904731488 0.1775222604971195
0 0.16203760195069436 0.20125461262995908 0.055355545592407476 0.1725685892150618
0 0.18226611518511568 0.12890385759214018 0.05470092895115748 0.1225685892150618