0 0.3994013925069589 0.8388232794562201 0.06350860979874848 0.15928221067747514
0 0.41324897870934435 0.3991700856129628 0.08284062262361094 0.1894936758047122
0 0.41593087537957246 0.15651284463174717 0.08097554409960103 0.2005401385272002
0 0.47118881609285623 0.10263814718039034 0.07845570114762085 0.17825326791635496
0 0.5180869603160135 0.15597691197057184 0.06922620435383647 0.18536975757495872
0 0.5642410600741338 0.16760052380261942 0.06591932534606688 0.17601352573276494
0 0.6199222788276678 0.14523963202705556 0.06796628287784638 0.1742263222695361
0 0.6512119514847843 0.2768457238977354 0.08578374361584148 0.18033138912838734
0 0.6904249110133803 0.323460575749099 0.06315808336160605 0.19443507166834886
0 0.7319460744738314 0.33216095092896697 0.06588294954451304 0.17416167388091308
0 0.7919378036334298 0.3822000644443387 0.0949041130049641 0.16765934391422807
0 0.7664996345479652 0.4833246219241815 0.08617064585453775 0.14703037998936544
0 0.7348048496733022 0.6111232481871628 0.07701390066386106 0.15785057335167327
0 0.7848346096856579 0.6376909716112712 0.08452382213985127 0.16918795382296475
0 0.7867691208791397 0.8045192592494954 0.09773810659253286 0.15294150168234763
0 0.7224106581443281 0.7645360341420628 0.05945107053674358 0.16470846945578488
0 0.664156692203301 0.7321541616079068 0.06447752486230722 0.1556108311680831
0 0.621418598857612 0.705812707543979 0.06908070114762097 0.17796235016755135
0 0.5647635087181386 0.6716274694494382 0.06599207694917482 0.17971722943646865
0 0.6346990412022763 0.45421944924661917 0.06908070114762097 0.17796235016755124
0 0.6015723905666877 0.41613187589445794 0.05966932534606713 0.1758195805668959
0 0.55516366019769 0.41747122702537337 0.06387236781428764 0.17780072919599377
0 0.5128372727806727 0.3967014906141568 0.060965622623610945 0.18881486772417042
0 0.47336968264119944 0.3630496017257561 0.06696099201273356 0.1760458499270764