0 0.8410548496733021 0.5262012605806111 0.08229498560030256 0.16499400499054673
0 0.676433481071597 0.6194917908377041 0.0573313614018564 0.16503488450620252
0 0.7284010712110704 0.6480886106210324 0.06548281572742004 0.1563792826923418
0 0.7851867955896182 0.5108315038926077 0.07500331893363589 0.16446580472582278
0 0.5253075127683171 0.3169969362307152 0.07417990707629253 0.17550145865625907
0 0.8101471229325017 0.3786536189525432 0.09137897918787133 0.15085830480180537
0 0.4541997235345849 0.12428170509115512 0.08582011941739533 0.18559074690294156
0 0.8532307643148795 0.6741812055349 0.09518188783899859 0.13264161500598626
0 0.6493981177294695 0.3542383708460314 0.05442461621117971 0.17591962407528916
0 0.7341269631002478 0.22420317949864538 0.06495041028250816 0.182229751437593
0 0.6075131962534795 0.3683677691841359 0.061607155473184606 0.17089226878445735
0 0.572999308836462 0.35145114029229835 0.07109128287784662 0.17712693896608647
0 0.5141633521486456 0.07660746563110087 0.07633599201273356 0.15321493126220173
0 0.779708940600193 0.657316443140591 0.06979498560030256 0.1640885188224487
0 0.8255075796768636 0.2850800830111777 0.08951390066386106 0.16181850155156685
0 0.6231150299522489 0.6067111689757914 0.08359128287784638 0.17803242513418452
0 0.781843562858368 0.2309173343727882 0.07629961621117971 0.17750422486946069
0 0.5628058753795725 0.10254526941208346 0.06699736781428764 0.18052881394709083
0 0.45976022069380534 0.37074935550662896 0.08262236781428751 0.1816606716572134
0 0.688209306052228 0.2053388018164533 0.07414353127473845 0.17364960680440727
0 0.6848627323092688 0.37570917218682365 0.07202382213985127 0.17164684059120575
0 0.46428730436430216 0.8022135481556011 0.07648149521894917 0.18676348412872004
0 0.6072519719314771 0.11689320323565819 0.05564816188561584 0.1852543405152232
0 0.662073403026114 0.0831172641837063 0.06789353127473845 0.1662345283674126