0 0.23204166666666665 0.5025185185185186 0.07952083333333336 0.1503333333333334
0 0.27957291666666667 0.6459444444444444 0.0823854166666667 0.13548148148148142
0 0.28049999999999997 0.3550740740740741 0.05783333333333331 0.14805555555555552
0 0.5716354166666666 0.6523333333333333 0.05802083333333338 0.15912962962962976
0 0.6643333333333333 0.8346851851851852 0.07565625000000012 0.16583333333333325
0 0.32421875 0.7791296296296296 0.06478125000000005 0.16138888888888886
0 0.29175 0.5070370370370371 0.06936458333333337 0.15135185185185188
0 0.44633333333333336 0.631425925925926 0.039229166666666634 0.15188888888888885
0 0.6071354166666667 0.9014074074074074 0.07373958333333329 0.16416666666666674
0 0.37894791666666666 0.3834814814814815 0.05899999999999998 0.15285185185185188
0 0.20632291666666666 0.34881481481481486 0.09006249999999998 0.10994444444444446
0 0.36959375 0.7776481481481482 0.04601041666666662 0.16305555555555548
0 0.27469791666666665 0.7397222222222222 0.07618749999999999 0.14164814814814816
0 0.5284479166666667 0.6226296296296296 0.045083333333333364 0.1647407407407408
0 0.33849999999999997 0.35503703703703704 0.06258333333333338 0.14681481481481487
0 0.4447604166666667 0.381037037037037 0.06596875000000005 0.15762962962962965
0 0.4075208333333334 0.6234259259259259 0.05648958333333335 0.15920370370370376
0 0.5537604166666666 0.8720370370370369 0.05638541666666672 0.16966666666666677
0 0.5820833333333333 0.1472037037037037 0.07613541666666658 0.15081481481481482
0 0.6371354166666666 0.5914444444444444 0.07491666666666674 0.1654814814814815
0 0.48514583333333333 0.6149444444444444 0.06030208333333332 0.1595
0 0.4226770833333333 0.7878333333333334 0.07106250000000003 0.16329629629629622
0 0.5232604166666667 0.8730370370370371 0.08322916666666665 0.1655185185185185
0 0.4558125 0.917759259259259 0.07130208333333338 0.16055555555555553