0 0.6602392320708452 0.9668520714369307 0.09224846934012092 0.06629585712613856
0 0.5947172596276028 0.9696691454806512 0.09335074045193892 0.06066170903869761
0 0.4120919036176335 0.8466441292738812 0.10301664178866617 0.15104522844014703
0 0.40332294806914837 0.9296386335800003 0.10202345867812071 0.1407227328399994
0 0.5077683951835118 0.9668215732603473 0.10172043645236334 0.06635685347930534
0 0.6705638973848764 0.7301577614746023 0.11052648445787815 0.18498232147687715
0 0.49501699779863545 0.31398817951362784 0.11465678845745396 0.17977177146611956
0 0.5432620231540284 0.6067152550883961 0.10507573334393877 0.14751402750884243
0 0.5394397071398169 0.4203885155117861 0.10930300445575701 0.15711829231289984
0 0.6774566693984515 0.9084099218764777 0.10507573334393877 0.1475140275088422
0 0.4131827836303602 0.9944648680559496 0.09714165955866652 0.011070263888100946
0 0.5609586004933008 0.6859161807384662 0.10084846223212078 0.137909762704785
0 0.6893851631391805 0.4244753817911857 0.11353027556757525 0.16672255711695716
0 0.7051741600360589 0.5303556565207087 0.11149542579036312 0.1739574617519654
0 0.6617585791693003 0.8164185360358437 0.11124088712072695 0.1350685728630765
0 0.6969851826861809 0.313128355843745 0.11573481779121148 0.18541357840787476
0 0.5374294640356346 0.510913627787028 0.11028406667727211 0.14794528443984012
0 0.403988137385937 0.7219662954964104 0.10832194223424191 0.16629130018595956
0 0.24248022581157422 0.46243041141848557 0.0716939164544844 0.1373465757430499
0 0.6375613342350903 0.22121811548643422 0.12085830490133276 0.17288187237590946
0 0.734928689820695 0.6225855101491105 0.1166067920114538 0.1595739038681485
0 0.5614919196106338 0.7673976622199477 0.1092060373435146 0.14230347749808483