0 0.41499476519776757 0.39417979325155955 0.1012315386644674 0.1450323575957704
0 0.4382087652421056 0.9468047120399964 0.08415168725254153 0.05517344733211084
0 0.2942793509286486 0.8077424307688676 0.10441715747329756 0.14893006557442817
0 0.3112506773120877 0.8834625910168203 0.08500035057616498 0.1070252991839627
0 0.5293378782006101 0.8467988117135328 0.09259511128698286 0.1259964943440408
0 0.43836989350811245 0.9051703794191553 0.09489061045122209 0.13908879349030653
0 0.5286336227681647 0.7626688886375763 0.09688301557130999 0.13366257411805374
0 0.4622829499430267 0.30244550833000977 0.10573160877970042 0.16566140033274632
0 0.3662013807078926 0.8957759229000376 0.08625418307373754 0.12005293023857694
0 0.2876011986893855 0.2938653032829979 0.10787556092186393 0.1694944402197528
0 0.30644438180746103 0.7320634158065281 0.10310270616689483 0.13219873081611022
0 0.41339951368031874 0.5552262362710193 0.10086782581148603 0.12281013537354818
0 0.5155345738107598 0.927204458442979 0.0908866377231836 0.08519108551164857
0 0.30298441268627335 0.6573544222189592 0.10689451306402754 0.17313347583180522
0 0.3949804750158513 0.6951174805805046 0.09804591985563722 0.14113464961711264
0 0.39968713750371393 0.63007632744491 0.09443596938499516 0.11131101571252876
0 0.5383253058419022 0.647369063135376 0.10352703782870662 0.15812465674203613
0 0.694066495865534 0.4462285210417815 0.10490210794393941 0.178559695204058
0 0.33571888427040547 0.2150293132327597 0.11231501222826665 0.186419779253025
0 0.422839140274804 0.48711629894521563 0.0964586839094982 0.10773664819212783
0 0.24890710856023077 0.5598882391963825 0.11345875402473134 0.12914170802892036
0 0.2816119599721566 0.4690593075579521 0.10420499164239179 0.1359671026114654
0 0.29376183614876145 0.3943062185215385 0.11030344462031619 0.12709585190211445