0 0.5401041666666667 0.020567832889400364 0.08229166666666667 0.04113566577880073
0 0.5932291666666667 0.2392347146715943 0.09270833333333334 0.11206997565402785
0 0.5317708333333333 0.0622937552300675 0.08854166666666667 0.124587510460135
0 0.403125 0.033315938014443054 0.08333333333333333 0.06663187602888611
0 0.37447916666666664 0.09242312996844733 0.096875 0.14544640402299785
0 0.4578125 0.03950114112592218 0.078125 0.07900228225184436
0 0.6098958333333333 0.16591418638089933 0.08541666666666667 0.11199455934166362
0 0.43333333333333335 0.4464440422197085 0.09375 0.12319186052404812
0 0.4421875 0.39635246526898044 0.09270833333333334 0.1065144200984723
0 0.3015625 0.66354766346246 0.10104166666666667 0.1510450546141901
0 0.296875 0.4080405898219958 0.09791666666666667 0.1510127333374626
0 0.2703125 0.567574579933439 0.09791666666666667 0.1417534740782032
0 0.4114583333333333 0.5438925133790234 0.09375 0.12319186052404803
0 0.3723958333333333 0.13781504785663606 0.09895833333333333 0.15843091450377916
0 0.44114583333333335 0.31673360939826 0.08854166666666667 0.08980465839616895
0 0.615625 0.06029937515134332 0.08541666666666667 0.10643900378610803
0 0.2921875 0.4756816643296797 0.09895833333333333 0.12509758117044584
0 0.5791666666666667 0.3523431233798312 0.09375 0.1324511197833073
0 0.353125 0.23431065869275208 0.09583333333333334 0.1380282228566813
0 0.440625 0.6417389962777146 0.096875 0.1361871447637386
0 0.45 0.2379383287438283 0.09166666666666666 0.11946660930252609
0 0.28020833333333334 0.30543519218676485 0.10729166666666666 0.11592451198246002
0 0.6859375 0.6373499242027517 0.11145833333333334 0.14930094035143013