0 0.3039479166666667 0.702388888888889 0.055802083333333384 0.10316666666666674
0 0.3125 0.5906111111111111 0.043156249999999945 0.09127777777777771
0 0.35379166666666667 0.5350555555555556 0.06919791666666673 0.08862962962962966
0 0.3619791666666667 0.6369074074074074 0.046875 0.09390740740740748
0 0.4069895833333333 0.6355740740740741 0.02976041666666672 0.10979629629629623
0 0.4345208333333333 0.6388888888888888 0.025302083333333295 0.11640740740740743
0 0.4717291666666667 0.6283148148148149 0.037197916666666705 0.11905555555555548
0 0.4505208333333333 0.526462962962963 0.029020833333333346 0.09524074074074065
0 0.4248541666666667 0.47024074074074074 0.052083333333333336 0.09655555555555553
0 0.3831875 0.3743333333333333 0.04761458333333337 0.10316666666666663
0 0.43527083333333333 0.3498703703703704 0.03571874999999996 0.11507407407407405
0 0.4110833333333333 0.26257407407407407 0.036458333333333336 0.10185185185185185
0 0.44940625 0.18783333333333335 0.041666666666666664 0.11375925925925927
0 0.4892083333333333 0.21229629629629626 0.039437500000000014 0.10185185185185183
0 0.5007395833333333 0.09325925925925926 0.03571874999999996 0.10185185185185185
0 0.5353437499999999 0.11705555555555557 0.029020833333333287 0.10185185185185186
0 0.5636145833333334 0.14483333333333331 0.03051041666666663 0.10450000000000001
0 0.5878020833333333 0.15079629629629632 0.025302083333333295 0.12962962962962962
0 0.6067708333333334 0.18451851851851853 0.040927083333333295 0.10979629629629628
0 0.6346770833333333 0.22685185185185186 0.037197916666666705 0.11507407407407405
0 0.6621979166666667 0.31216666666666665 0.038687500000000104 0.10053703703703708
0 0.7120520833333334 0.3392777777777778 0.029760416666666602 0.11772222222222221
0 0.5651041666666666 0.35185185185185186 0.040927083333333295 0.10581481481481479
0 0.6023020833333333 0.3683888888888889 0.039437499999999896 0.11242592592592589
0 0.6175625 0.4470925925925926 0.05059374999999993 0.10316666666666668
0 0.6387604166666667 0.6316111111111111 0.036458333333333336 0.1388888888888889
0 0.5450104166666667 0.5760555555555555 0.04836458333333334 0.1309444444444445
0 0.5074375 0.4861111111111111 0.03422916666666668 0.11507407407407405
0 0.47209375 0.47751851851851856 0.039437500000000014 0.11905555555555554
0 0.5479895833333334 0.8121666666666667 0.03943749999999995 0.12962962962962962
0 0.5788645833333333 0.7678518518518518 0.04464583333333323 0.10185185185185185
0 0.6599687500000001 0.5416666666666666 0.026781250000000038 0.112425925925926
0 0.6789479166666667 0.5793703703703704 0.024552083333333266 0.12698148148148136
0 0.7020104166666666 0.5661296296296295 0.03198958333333337 0.11640740740740743