0 0.6133278220186519 0.8100934161740864 0.06489846578142675 0.10164388224066746
0 0.5493350147715955 0.7941015801290614 0.051271955763350266 0.07459668829414749
0 0.5178368922106508 0.7133989140748139 0.04304770673897238 0.1072400105378847
0 0.5719914383985447 0.7126175456961419 0.05750377504519122 0.06955864105578939
0 0.5749228579920775 0.6124019172306429 0.06891362646343306 0.05569259148916933
0 0.5750410326601126 0.5762908061195318 0.06679999193316774 0.046260829457510984
0 0.5679675346113567 0.5102278991562619 0.07205074694220599 0.05965504935147165
0 0.5095220868493747 0.5493172360426951 0.05331892766036527 0.06365807995543567
0 0.4817573238389682 0.600676971851057 0.06274240957545653 0.07924915724604616
0 0.4226607475968451 0.6796242492454047 0.059587108378524434 0.06973114382818826
0 0.4099398961131391 0.5890357249062321 0.0700037750451911 0.07059365769018368
0 0.35356566120571764 0.63165626272397 0.06273634933607006 0.0773973053941943
0 0.3136705727978822 0.5710880522037632 0.06378407624212319 0.0793354086322457
0 0.32795730165517945 0.501405139971551 0.056486349336070066 0.07687979707699705
0 0.2582413879808429 0.4840358346987717 0.0575037750451911 0.06955864105578939
0 0.2756197855215149 0.424279353493146 0.05435453408764547 0.061892479489783256
0 0.28882242603644054 0.36764565561009627 0.06370529313009972 0.055261334558171615
0 0.2941671147559682 0.3255477320124319 0.06993105217255409 0.04837143546796146
0 0.30731521311641613 0.28558070079604886 0.05962346981484288 0.08084225493929938
0 0.3329996729131826 0.23346754183416024 0.06056817265132703 0.05129887669586929
0 0.38474094997508174 0.17456846858765365 0.06789014051492567 0.06116189565852534
0 0.3980223736020308 0.09386069663052983 0.06168862243001693 0.07545920215614291
0 0.4086474240197325 0.3475415610119646 0.06480756219063058 0.07386610446288967
0 0.4161178677482983 0.29230817167893824 0.0616643814724713 0.0680517947487355
0 0.4537208918178673 0.2577216402942735 0.05757649791782811 0.09178086327801141
0 0.47734556473104994 0.5168058438296955 0.057540136481509546 0.0806697521669005
0 0.485881916083828 0.4540787957030622 0.06892574694220599 0.05939629519287303
0 0.5309159923259512 0.3762959120224082 0.06486210434510818 0.09053277112955635
0 0.6804436409077091 0.3491040232879601 0.0794211967208959 0.08433288312894241
0 0.6399883276105286 0.30061597549789015 0.05755831719966883 0.08622530772245585
0 0.569503458041914 0.19999958827797698 0.06687877504519121 0.07033490353158506
0 0.5159757993766158 0.16833042355614192 0.06992499193316774 0.046519583616109556
0 0.5348257933264915 0.13622234304899475 0.06575832526650108 0.046174578071311444
0 0.5308257832429512 0.08564142266786695 0.07106362243001704 0.07623546463193873