0 0.4879583333333333 0.2069074074074074 0.05160416666666663 0.10020370370370367
0 0.4498020833333333 0.18444444444444444 0.04909375 0.1004259259259259
0 0.46808333333333335 0.4619814814814815 0.044083333333333384 0.10051851851851858
0 0.42115625 0.47244444444444444 0.04847916666666663 0.08492592592592595
0 0.66525 0.30757407407407406 0.03853125000000001 0.09401851851851849
0 0.49828125 0.08566666666666667 0.04478125000000001 0.09700000000000002
0 0.4315104166666667 0.6318148148148148 0.02982291666666666 0.10837037037037034
0 0.6358541666666666 0.22194444444444444 0.03988541666666663 0.10233333333333332
0 0.3061875 0.5830185185185185 0.03965625000000005 0.053962962962962935
0 0.4110520833333334 0.6373518518518518 0.026291666666666675 0.10600000000000001
0 0.6171458333333334 0.4487407407407407 0.058000000000000065 0.08357407407407406
0 0.5666770833333333 0.14142592592592593 0.0340729166666667 0.09748148148148147
0 0.47032291666666665 0.6210740740740741 0.04479166666666667 0.12150000000000002
0 0.5775520833333334 0.762074074074074 0.04971875000000002 0.10575925925925929
0 0.7094166666666666 0.3342037037037037 0.04464583333333323 0.10499999999999998
0 0.6075937499999999 0.17685185185185184 0.04647916666666655 0.08722222222222221
0 0.5345729166666667 0.11627777777777777 0.036156250000000036 0.08587037037037035
0 0.7066666666666667 0.5654444444444444 0.04030208333333339 0.11268518518518522
0 0.5454791666666666 0.5695370370370371 0.054354166666666676 0.09844444444444439
0 0.44787499999999997 0.5159074074074074 0.036385416666666615 0.10557407407407406
0 0.35591666666666666 0.6368518518518518 0.03980208333333337 0.1058703703703703
0 0.5656041666666667 0.35203703703703704 0.04684375000000003 0.0992037037037037
0 0.3792291666666667 0.36644444444444446 0.04747916666666671 0.09735185185185184
0 0.35541666666666666 0.5283333333333333 0.056739583333333364 0.07735185185185182
0 0.6392291666666666 0.6325185185185185 0.04637499999999998 0.11474074074074081
0 0.6590208333333333 0.5415185185185185 0.029833333333333437 0.10207407407407408
0 0.43025 0.3406296296296296 0.04210416666666662 0.10214814814814809
0 0.30143749999999997 0.7078148148148149 0.05597916666666668 0.09294444444444455
0 0.6000104166666667 0.3675185185185185 0.04706250000000007 0.09833333333333337
0 0.4092291666666667 0.24735185185185185 0.04761458333333337 0.10053703703703705
0 0.5453854166666667 0.8207592592592592 0.041666666666666664 0.14153703703703693
0 0.6793125 0.5707592592592592 0.023812499999999896 0.12301851851851843
0 0.5881666666666666 0.1441851851851852 0.03051041666666663 0.11375925925925927
0 0.5011145833333334 0.4880925925925926 0.03198958333333337 0.108462962962963