0 0.343679987155442 0.5858150853047475 0.06735263605166182 0.10895020885004901
0 0.3407863154742105 0.6633773295400176 0.06628065998058001 0.10704447361257044
0 0.276598570070895 0.5888210884132951 0.06416701724283165 0.10508485498946474
0 0.30492928600311214 0.3802793464897298 0.057886707838416505 0.10290970282385156
0 0.4925625469777376 0.5888907798197619 0.06508744629183785 0.09773133096768426
0 0.4113858783757417 0.43019295457530266 0.06300411295850453 0.09762356419643041
0 0.5369218664112825 0.4376118284692677 0.06539054033598907 0.11624984948620277
0 0.45391392095520555 0.32600151698296365 0.06018220700265573 0.11598043255806838
0 0.508985172736462 0.6702276444669072 0.05874651807859242 0.09185247509836737
0 0.2858937887742022 0.5208414037510454 0.05865558986534711 0.08629691954281182
0 0.6359423842260675 0.3511449085155952 0.06833368390949819 0.10530038853197222
0 0.5936592589949582 0.629275711717941 0.06781842403444122 0.07381890705049075
0 0.4589684523616332 0.7620048613228211 0.06634127878941029 0.11074817731627415
0 0.6004548282744305 0.6629323453650356 0.06460249582119577 0.06810170133805463
0 0.5800681204360139 0.5619624444237519 0.077617755696253 0.10022978344705878
0 0.3734399421130338 0.17844174454242903 0.07256096938499515 0.10921962577818352
0 0.4129595252922942 0.3673647000764069 0.06095108902958633 0.09936764927702853
0 0.32431734916845095 0.3248485910279725 0.0650571368874227 0.0958794791158324
0 0.5005136942024357 0.15263505187431456 0.06717077962517119 0.09783909773893801
0 0.6633209832404456 0.8475121215200629 0.061223873669322394 0.11603431594369508
0 0.36855386531171414 0.26145177756200105 0.0650571368874227 0.0958794791158324
0 0.5930387926448607 0.8457268448421001 0.056754112958504285 0.0973002638826693
0 0.2932420664640441 0.4610872856508752 0.06484497105651682 0.08291651615286934
0 0.6114362267084318 0.7615654439838256 0.06707985141192575 0.09228354218338256
0 0.49774126013886466 0.2376047035169922 0.06153811463002619 0.07164375488487756
0 0.2951794262335781 0.4204812533742017 0.07532225653201377 0.08715905371284197
0 0.4320230770207891 0.6736476813379254 0.06181089926976213 0.08831042155154423
0 0.5283883906040084 0.6157228149310758 0.060678304389850266 0.08270098261036175
0 0.551199663587431 0.26072312655433355 0.0736632548604921 0.11297721286751404
0 0.49467218192983103 0.5270153929396054 0.07103435224768664 0.07953611276292687
0 0.6751508577898667 0.39387933452453056 0.07541318474525908 0.09271460926839752
0 0.5074456558017759 0.19462501885474254 0.0739774958211959 0.06858665180869652
0 0.3812486215355823 0.7191286018975428 0.06913287534084406 0.09053945710278434
0 0.5545082728947466 0.7808240799965694 0.05120122926005237 0.13956955616150035