0 0.3703592482272222 0.15170393674552496 0.06485089994916678 0.10065719929345981
0 0.44091376336150456 0.1722676174359972 0.05840693946287037 0.08577774192518987
0 0.4091420590809952 0.2522150729534476 0.06320310676282404 0.05435012923825424
0 0.4722719951878703 0.24322992720610906 0.03885772340407409 0.10409155902443398
0 0.5691465597142823 0.28203739556291585 0.06337282218833357 0.0673130922012172
0 0.6326514233161805 0.3239674019825941 0.0580917536726389 0.06170366785111581
0 0.5805676545092591 0.3643155178634131 0.057994773429490935 0.0542962604437085
0 0.5051680464798609 0.35583735612506917 0.05940011600796306 0.08208481198039534
0 0.4132593646789119 0.335494537492235 0.07364401849027781 0.05630971867919788
0 0.4158509733415971 0.3762029569562482 0.06933188145888897 0.04515551253245009
0 0.4211917835620831 0.44558275884723764 0.07880386170203717 0.05265988377004002
0 0.48163313076312486 0.4032966010432933 0.052737949974583385 0.05053868794545885
0 0.5113929304718979 0.4372434212941865 0.06644933206675935 0.0636417097742411
0 0.4980928434659257 0.4984838175122077 0.06327584194518512 0.059905684793809796
0 0.4580241734432636 0.5757396853231537 0.06746675367263891 0.06180063168129832
0 0.3156305904265738 0.592951044154997 0.07197285119032415 0.08776965264286092
0 0.34931460619414323 0.6453732878887719 0.05617813576481486 0.07464508329626032
0 0.42708718186555517 0.751035963693156 0.06027206724912044 0.06913262277634144
0 0.47663864824099506 0.7847780825247748 0.05683188145888896 0.045026227425539966
0 0.45897836955564775 0.8210669606578872 0.07354703824712962 0.04890231127179058
0 0.4610006547634255 0.8654844707050587 0.06969555737069441 0.07293329031022798
0 0.5943218655663655 0.86503135549061 0.06935612651967583 0.04700736438430205
0 0.6089181923772682 0.7843357410692352 0.06451146909814819 0.07473127336753367
0 0.6540012352469673 0.7218408192785581 0.06535917527851846 0.059927232311628345
0 0.5308546759764118 0.7008952874870734 0.061531939462870375 0.08581006320191738
0 0.576082753737245 0.6670986825206455 0.0613137339157871 0.06914339653525071
0 0.5784089731520368 0.6087491885489484 0.06964706724912044 0.06922958660652427
0 0.6802009302823376 0.6697250103334316 0.057195557370694414 0.07280400520331774
0 0.6942638657559256 0.6297701366527975 0.07676901849027781 0.0563420399559256
0 0.6962748993804858 0.5954947167551744 0.059908391337314744 0.041354844998563664
0 0.7132086971893978 0.535142538306897 0.05612964564324064 0.07094137959255661
0 0.7270538625894906 0.4720449033575694 0.06148344934129639 0.08210635949821368
0 0.661744048379722 0.4486495760947734 0.0614107141589353 0.07655080394265823
0 0.6709259588406017 0.38374857120868516 0.05954558637268524 0.09319592309150646