0 0.4625 0.8196140993307376 0.06041666666666667 0.11733947944210328
0 0.42291666666666666 0.8287837635021309 0.057291666666666664 0.11711310790007882
0 0.46510416666666665 0.5623953348750172 0.052083333333333336 0.11488397014485288
0 0.4197916666666667 0.5359647993675138 0.05625 0.1022228359045892
0 0.6463541666666667 0.7829322917198458 0.046875 0.10709927683407117
0 0.46197916666666666 0.9417985929626224 0.053125 0.11125572362182379
0 0.44375 0.38307068489340534 0.03958333333333333 0.1195340395323104
0 0.6098958333333333 0.8562172163221526 0.04791666666666667 0.1145821414221536
0 0.31614583333333335 0.38679014322370114 0.04375 0.06798401640315782
0 0.4239583333333333 0.3705258873494724 0.035416666666666666 0.11367665525405547
0 0.6114583333333333 0.6276266983894611 0.06458333333333334 0.10282649334998774
0 0.534375 0.9109317559084124 0.042708333333333334 0.1105011518150756
0 0.48125 0.40708343969399574 0.05520833333333333 0.13733256390909956
0 0.5994791666666667 0.30638857044133017 0.058333333333333334 0.1227441206363092
0 0.6921875 0.7723635187806497 0.053125 0.12051498288108325
0 0.578125 0.8909528093486072 0.05416666666666667 0.10207192154323955
0 0.5 0.9241824096868834 0.04375 0.09761364603278766
0 0.7098958333333333 0.5440166612224923 0.05 0.12584416689461436
0 0.5510416666666667 0.4843612930214318 0.0625 0.11563854195160106
0 0.45 0.5029678724218988 0.04479166666666667 0.11805947358383265
0 0.3697916666666667 0.35086137321364025 0.04791666666666667 0.1182858451258572
0 0.5515625 0.7047693919821396 0.05520833333333333 0.11511034168687734
0 0.36875 0.6248599901070395 0.05625 0.11518579886755215
0 0.359375 0.45751420881429933 0.0625 0.09712002343308275
0 0.6489583333333333 0.45534315689375515 0.05625 0.13000061368236696
0 0.6604166666666667 0.5506176303256228 0.03854166666666667 0.11205117494422817
0 0.4171875 0.6681835638232342 0.05 0.11658490763535509
0 0.3223958333333333 0.26316881223367605 0.06354166666666666 0.11201029542857228
0 0.5869791666666667 0.7008534546436025 0.05520833333333333 0.11325848983502548
0 0.3880208333333333 0.7521818738754499 0.05625 0.117037650719404
0 0.5729166666666666 0.2377977456674552 0.053125 0.15384831621441658
0 0.6833333333333333 0.5300554660782469 0.034375 0.1302678647400472
0 0.5557291666666667 0.9161823318159501 0.03958333333333333 0.1232377432360139
0 0.5 0.5482564837609575 0.041666666666666664 0.11968495389366003