0 0.6007689279041173 0.8131481057654953 0.06388415357019521 0.09577171234457856
0 0.5385357681301722 0.806195923717923 0.056252872070367964 0.08243156568222755
0 0.5637327058194891 0.7179734521970946 0.0644891725942268 0.07915892906353882
0 0.5088511402005401 0.7282097373499132 0.042251735593881415 0.10389942050567326
0 0.41299498470002216 0.6943320033243243 0.06553083926089348 0.07921281244916574
0 0.34481577047327666 0.6562485818018453 0.06226029004668175 0.07349560673672942
0 0.39734859856802146 0.6165443171762777 0.05467752495159163 0.06200731192623026
0 0.30604580493688405 0.6073971662225542 0.0637386043559836 0.090216156789023
0 0.3173614611263736 0.5328381416778383 0.06453768899896394 0.08101078091539067
0 0.4695261080800372 0.6211327552085427 0.05114157154650911 0.08586585245779664
0 0.5635058429849471 0.627367419920421 0.0741295767850976 0.05006813329017801
0 0.5609516287582016 0.5858893451034484 0.061872158808783696 0.0586807919219146
0 0.553747019852601 0.523384390918314 0.06315640749913669 0.06799393456680078
0 0.4985615086864524 0.5650752158598007 0.05676085828492496 0.06211507869748411
0 0.4654836044955815 0.5371967962630448 0.0571489895228229 0.07692989351229892
0 0.478046404054279 0.4745939836769255 0.06216325723720727 0.06979190303302571
0 0.5227681681842077 0.3955329130143715 0.06444065618948945 0.07730707721168696
0 0.6640481396481605 0.36325865595474244 0.0793636043559836 0.09102440757342622
0 0.6280521481950149 0.30779105042990285 0.06511988585581084 0.1032330031376129
0 0.5570162102295081 0.21992316244993126 0.07425230383212475 0.09445869434899552
0 0.5144577342159383 0.09729403141751405 0.07619008795124624 0.08901090556469377
0 0.5214083500142604 0.14964074211027678 0.062428661428078056 0.040216156789023
0 0.5021360806457431 0.19039851617356202 0.06494864240404657 0.056990590226943465
0 0.4496503329205517 0.26801186037646574 0.061946369451073714 0.10121950112888037
0 0.40138120430194796 0.3037968877558222 0.05838472180843842 0.08439118430533304
0 0.39742998938623103 0.3752009508233723 0.06458620540370129 0.08286263276724253
0 0.38592034477567183 0.11966242859036119 0.0602739895228229 0.07709154366917943
0 0.37339321450293533 0.2007568180021856 0.06206622442773278 0.06608819932932211
0 0.3218649477537123 0.2616765538456092 0.06519122442773279 0.06624984948620279
0 0.2981834296948422 0.3119091207106612 0.05838472180843842 0.08439118430533304
0 0.28208467673106213 0.35065339276521396 0.06930937468966221 0.0646135311768584
0 0.279382041219737 0.39425273636217284 0.06206622442773278 0.06608819932932211
0 0.2648571993395493 0.45233368608991625 0.056809374689662205 0.06396693054933575
0 0.2517978246498871 0.514037514442923 0.058045106975277844 0.07142822134237028