0 0.6713771149803887 0.4531238019684184 0.05932901054488724 0.09303903382600474
0 0.3570962114824372 0.3525373508420457 0.05932901054488724 0.09303903382600474
0 0.5285573528002565 0.5951692887443766 0.05216467787060933 0.09806638911683657
0 0.5242872562734205 0.24953481824164436 0.04699878920140558 0.09954095506531423
0 0.5308352319131563 0.5124600526142699 0.060158453890905864 0.08385523174742031
0 0.6875309008865168 0.5205859199574892 0.05828734387822057 0.09296357664532993
0 0.6494163626613009 0.20058968456517462 0.058862119239461684 0.07266866345563437
0 0.718340549099631 0.3625402774396641 0.05048634124199888 0.07021315415838388
0 0.6775183679337445 0.24307224231207336 0.05195245454996116 0.08880712985757722
0 0.5809900148287476 0.08312126472546692 0.059946230570257816 0.0745959724881611
0 0.4974152368560721 0.5566168062432061 0.053526451913739476 0.06673582199670473
0 0.5025855333070876 0.7139110278796013 0.046381569176034886 0.11798401640315782
0 0.5840946554875114 0.33238398175122813 0.05611912121662807 0.08910895858027659
0 0.4406523560955337 0.6293609268795154 0.06164756192642488 0.05808022018284402
0 0.7358233893530465 0.4197040244725375 0.058244899214090866 0.09111172479347808
0 0.45164207214178437 0.10733049853429864 0.06753500988583169 0.08808713571584789
0 0.5978131903926628 0.15702713560568182 0.05686367523438752 0.07622145279798845
0 0.47693382119038225 0.8010958283526695 0.05186756522170211 0.0851034261538736
0 0.699549876830993 0.3166008272889141 0.057565784588017505 0.06148209516384845
0 0.5903110263870054 0.6491261055985696 0.05807512055757253 0.08370431738607068
0 0.44034551847833997 0.5932120871780668 0.0616051172622953 0.056228368330992165
0 0.6515589087951824 0.5899690451284499 0.056991009226776156 0.081777008353544
0 0.4118181571599374 0.8280718529574064 0.05437534519633142 0.10377285903374177
0 0.44461034423253565 0.5289081837954663 0.06944856456264668 0.08083064266979018
0 0.4653853277561494 0.38828377975105627 0.061582122534738916 0.1005973555947618
0 0.4484825336366153 0.7206125790524704 0.05790534190105419 0.07629690997866326
0 0.694927816222679 0.2742723348286834 0.0659415625854803 0.06393760446109896
0 0.4690497480352273 0.18397641860195388 0.05964911792135084 0.06163300952519814
0 0.4174642533076709 0.23223145067047746 0.06649334321916503 0.08801167853517303
0 0.5994658504935624 0.570556027423706 0.04423634124199864 0.06976041107433485
0 0.5780489262353644 0.2734642798050056 0.06415534190105418 0.07674965306271228
0 0.4553285777437557 0.15436407780483377 0.07081033860577696 0.04950007554965834
0 0.33030821840251945 0.41290802805359955 0.0791206772115539 0.09447272025882661
0 0.5134585033200646 0.4599259352110261 0.06581422859309166 0.0583820489055435