0 0.4613036549660151 0.17200025272889397 0.05485263605166182 0.10665451616096912
0 0.4992582960322419 0.19900229360873278 0.05482232664724667 0.10480266430911721
0 0.4384150427989335 0.6198473741189003 0.03297763605166182 0.10620200297050478
0 0.4768178750326984 0.4514036257632914 0.04645868390949832 0.10277842647994573
0 0.43003380324594376 0.4579288524412707 0.05359880355408938 0.09367000495084123
0 0.6208150472858832 0.17703670424598664 0.0514851608163409 0.09177505660465941
0 0.5813435575344826 0.75767910149237 0.05282992152715878 0.11031512337034302
0 0.5134794821852151 0.08107570318508313 0.04851170783841662 0.10096967112242373
0 0.7142804264973857 0.5715337219040079 0.04670115914481935 0.11759324129476033
0 0.4563426810940702 0.505549068533877 0.043454921527158775 0.11012118914585808
0 0.547312920691398 0.11094171483135959 0.03794349414967423 0.09149492939151477
0 0.675156431248143 0.313922254850701 0.04330337450508305 0.10086192988659883
0 0.47475213851460635 0.6116857780607189 0.04991708735806467 0.12321344159181093
0 0.41761201887001526 0.6221301909140516 0.029882945456076962 0.10798921008086179
0 0.3642461093073156 0.5130116439635325 0.05752299498543512 0.07894138312468613
0 0.5795383950909582 0.13806227107060573 0.040208683909498194 0.10264913699695584
0 0.7147493458254076 0.345521602989422 0.05175794545607696 0.10844172327132608
0 0.6465879370984687 0.22374176853624955 0.04443596938499515 0.10643903368931941
0 0.3896584176121623 0.3466891005493376 0.05267837450508317 0.10105586411108355
0 0.36330895988348055 0.6149173664332969 0.04232232664724679 0.10454408534313744
0 0.5526402367375617 0.5637625891034673 0.05690565998058001 0.10484576080344718
0 0.6262061134861197 0.44275589673956245 0.06101170783841638 0.1012282500884034
0 0.44291022868809904 0.32150529174626746 0.04633744629183786 0.09537101907253821
0 0.5746906432653636 0.35119762001088844 0.05068596938499515 0.10656832317230915
0 0.6674564640622848 0.5437889151991453 0.03294732664724667 0.10435015111865292
0 0.5989759301485745 0.14784881368323893 0.035242825811486016 0.11735621057594575
0 0.305161490762293 0.6911456165217003 0.06089047022075604 0.09382084268099578
0 0.3353163444176936 0.5599220653040307 0.03629563939470515 0.05443634410731285
0 0.5489649704402256 0.8167019787349823 0.04936037116203996 0.15282152297427568
0 0.6449075180342544 0.6303956359950508 0.04185653866446728 0.13970772228115774
0 0.6862160453062159 0.5758192282811657 0.031045849740404207 0.11541816573543408
0 0.6123270355852317 0.35875521644628283 0.045447326647246676 0.10460873008463249
0 0.4248947935249595 0.23944265629349962 0.04232232664724679 0.10454408534313754
0 0.509028194730051 0.47759825607661155 0.035212516407070876 0.11550435872409379