0 0.6898083989616166 0.48043160653330097 0.06628065998058001 0.10570780375101747
0 0.671583240080605 0.5437224978274268 0.06523899331391333 0.10567547955670602
0 0.4412966911232001 0.3727707724814721 0.06356082915452924 0.06675426647350567
0 0.5323651852728744 0.46629139393300306 0.06291318474525909 0.09079601635326819
0 0.5325486073719864 0.3820806209652111 0.058958683909498315 0.10362968253898512
0 0.6730612617660483 0.7612504420313964 0.05785639843400124 0.09989365464096986
0 0.3519016641150462 0.6041370163498508 0.0672617078384165 0.10203642424162522
0 0.7368333803110709 0.5864673386154815 0.06193213688742271 0.09446739586266033
0 0.44468664739982977 0.8661438321255888 0.07127682748300757 0.0929064617596122
0 0.5040487476024523 0.4219162842652294 0.06594725653201365 0.0853374333806472
0 0.7169244838123988 0.6423023362107326 0.055379042843271505 0.07575493217827287
0 0.5920425900848169 0.8364746084585646 0.06073892319868056 0.08517581240908961
0 0.44289350831327023 0.4385276753193686 0.074492755696253 0.09855898989810233
0 0.4417473244037719 0.3366919855646725 0.06350021034569905 0.06305056276980196
0 0.5076315200139218 0.2591472664681356 0.05068596938499515 0.10707479268819665
0 0.6985174685048964 0.6944821163937474 0.06168966165210179 0.07965258104784552
0 0.5707227406082201 0.9015203790216078 0.06618973176733481 0.10015224819546191
0 0.6450519259254326 0.7992504155767187 0.06389423260309571 0.08712463684387604
0 0.5983059919061994 0.32859381384559244 0.06309504117174972 0.1019071274643793
0 0.4505879020408523 0.24071893121149135 0.06279194712759863 0.08338860894586088
0 0.46242998715544203 0.5825795430440271 0.06425794545607696 0.10934685906609827
0 0.5241994301042365 0.7307183184160797 0.06330720700265573 0.11487009042734236
0 0.6077097356379932 0.42605846752515103 0.058716208674177275 0.08881486772417041
0 0.5802029470832607 0.6537924453995093 0.065117755696253 0.09826807214929861
0 0.46423183104552046 0.7880866123081154 0.06251916248786256 0.06672194227919422
0 0.6912505377843686 0.7275730182697444 0.06990175736777454 0.07250376719493017
0 0.4133375164070709 0.12758287156786285 0.05917084974040421 0.11659264550194808
0 0.4842809404415121 0.20011896295710468 0.03445478129669274 0.06955289273648696
0 0.3216590135916428 0.5374911981683878 0.09014806510066814 0.10089570466462684
0 0.41756498909077133 0.7357384218324828 0.08157225653201378 0.08582229629531997
0 0.44438912681395487 0.8161599942227447 0.06769718641678076 0.06503171139889985
0 0.5724096095711232 0.7183325045626763 0.06288287534084394 0.08894416450141644
0 0.6557986774872193 0.40626524626434013 0.06279194712759875 0.08338860894586078
0 0.5149998366320386 0.5185034983103294 0.06886009070110788 0.07247144300061892