0 0.5291579571949071 0.7516180782449373 0.06303426228449069 0.1254592021561429
0 0.41063741432520795 0.8234015219225218 0.060781213525648185 0.11232373642078086
0 0.5291445282437496 0.8718590715360084 0.058794860435462934 0.11955864105578919
0 0.570739766148819 0.7546495042784375 0.06303426228449069 0.1254592021561429
0 0.6776487375259489 0.2981349716689344 0.05552439007074075 0.10818877578607945
0 0.39288712297412026 0.23199616236589185 0.06412441907273157 0.12924915724604616
0 0.5705995214671525 0.2885003459289679 0.03902743882958338 0.11977171656984996
0 0.3776340021540275 0.5625314315506166 0.06918728204134274 0.11856930306593254
0 0.44259444035032386 0.4091650745373966 0.0693085073452778 0.12782856232519202
0 0.49188697885161997 0.8564456029206731 0.0482084783432871 0.10573316423083101
0 0.5285189468727544 0.48251863934529104 0.05671152710212972 0.1193861382833901
0 0.34095964064155077 0.3833584511256918 0.060078977710000106 0.13816341096050724
0 0.5123384878425924 0.3275465571223014 0.05908580116490754 0.1417808632780114
0 0.29508645592833294 0.7081048028699694 0.05356228204134273 0.11727553227293962
0 0.40428048891960616 0.6333939179644771 0.059860772162916714 0.12149674429384058
0 0.5511832177690971 0.30120710768477044 0.043194105496250045 0.12011672211464812
0 0.27939133358749974 0.4763239944882277 0.05271457586097235 0.13200409570155489
0 0.5720148092080783 0.45856883644764 0.06179863513152763 0.11055813595512855
0 0.43589155198988383 0.8416587333310036 0.046488820921759336 0.13333843923620972
0 0.3438871963665506 0.7160880247556284 0.05465243882958338 0.12106548736284307
0 0.4396729105254858 0.6323132226855448 0.059860772162916714 0.12149674429384058
0 0.6281184678961803 0.5445657509474062 0.06087819376879627 0.11973114382818827
0 0.6771777007349536 0.1751593262931853 0.0702531937687965 0.12050740630398414
0 0.4566400276104626 0.8464151870884943 0.04733652710212961 0.11860987580759423
0 0.3767230704801616 0.7910626324819212 0.050413036980555624 0.11516492626248935
0 0.6255052270142359 0.26730548148682576 0.05157592895115736 0.12451043690794794
0 0.5764949197706246 0.593236513315628 0.05564561537467606 0.11744803504533871
0 0.5450046465306942 0.41548412781155725 0.050388791919768514 0.1133130744106374
0 0.33032389748062474 0.4804310098977838 0.043169860435462934 0.11826487026279627
0 0.6035895046871755 0.6696114295919442 0.05564561537467606 0.11744803504533871
0 0.6345762928072219 0.36922074540260813 0.06882360612953704 0.09079152528815497
0 0.4187478226320601 0.1641853883563623 0.05598504622569441 0.14337396097126467
0 0.4931992604492359 0.47804377906866785 0.046561556104120425 0.13889399479176526
0 0.30710460302770815 0.4657049994206067 0.03612064437666665 0.136179629077918