0 0.44894791666666667 0.18525925925925926 0.050541666666666644 0.1011296296296296
0 0.48800000000000004 0.20846296296296296 0.04932291666666669 0.09892592592592596
0 0.46847916666666667 0.4625185185185185 0.04234374999999998 0.09692592592592598
0 0.43200000000000005 0.635425925925926 0.028739583333333367 0.1037592592592592
0 0.5767291666666666 0.7616851851851852 0.04802083333333324 0.10631481481481475
0 0.4454895833333333 0.5206851851851853 0.03854166666666667 0.10209259259259258
0 0.4229583333333334 0.4763148148148148 0.047979166666666725 0.08927777777777779
0 0.6086041666666666 0.17942592592592593 0.047562500000000084 0.0867962962962963
0 0.6353541666666668 0.2235740740740741 0.04041666666666662 0.1011296296296296
0 0.7063333333333334 0.5672407407407407 0.039437499999999896 0.11229629629629627
0 0.3564791666666667 0.5365925925925926 0.05798958333333329 0.06801851851851855
0 0.49988541666666664 0.09005555555555556 0.04317708333333338 0.0980185185185185
0 0.5339375000000001 0.11605555555555556 0.03511458333333337 0.08844444444444442
0 0.5669375 0.14287037037037037 0.036479166666666646 0.09720370370370372
0 0.7087604166666667 0.33696296296296296 0.04191666666666668 0.10205555555555558
0 0.46922916666666664 0.6228703703703704 0.041125000000000016 0.11820370370370378
0 0.6177708333333333 0.44625925925925924 0.05650000000000001 0.09290740740740744
0 0.4114375 0.6399444444444444 0.023197916666666648 0.10542592592592584
0 0.6655104166666667 0.3110925925925926 0.03905208333333334 0.09642592592592591
0 0.5437708333333333 0.5723148148148148 0.05465625000000003 0.1007592592592592
0 0.5658333333333334 0.35309259259259257 0.043625000000000115 0.09742592592592596
0 0.35590625000000004 0.6385000000000001 0.037645833333333316 0.10051851851851847
0 0.31090625000000005 0.5823518518518519 0.0410520833333333 0.06237037037037028
0 0.3792916666666667 0.36646296296296293 0.04736458333333336 0.09759259259259258
0 0.6395416666666667 0.6351666666666667 0.04425000000000002 0.12083333333333333
0 0.3014791666666667 0.7159444444444445 0.05518750000000002 0.08562962962962965
0 0.430375 0.3372407407407408 0.04276041666666662 0.09535185185185187
0 0.587125 0.14968518518518517 0.031395833333333435 0.1155
0 0.6596666666666666 0.5417592592592593 0.02809375000000003 0.10161111111111112
0 0.6044583333333333 0.36366666666666664 0.04500000000000005 0.10009259259259261
0 0.5450104166666667 0.8121666666666667 0.04836458333333334 0.12433333333333331
0 0.6789479166666667 0.5720925925925926 0.026041666666666668 0.11772222222222231
0 0.5022291666666666 0.48214814814814816 0.03125 0.12301851851851858
0 0.41219791666666666 0.24801851851851853 0.03571874999999996 0.09655555555555553