0 0.4686458333333333 0.4639814814814815 0.04226041666666672 0.09812962962962965
0 0.4485208333333333 0.1879259259259259 0.049552083333333385 0.09988888888888886
0 0.4874791666666667 0.2099074074074074 0.05022916666666669 0.0992037037037037
0 0.4344375 0.3339444444444445 0.04125000000000002 0.07583333333333331
0 0.42139583333333336 0.4735 0.05053124999999999 0.08640740740740735
0 0.43154166666666666 0.6350555555555556 0.025875000000000033 0.10003703703703701
0 0.5760000000000001 0.7625555555555555 0.048385416666666715 0.10224074074074081
0 0.5341458333333333 0.11851851851851852 0.03440624999999997 0.08666666666666667
0 0.49964583333333334 0.09324074074074075 0.04420833333333327 0.09324074074074076
0 0.3546458333333333 0.536 0.05910416666666667 0.06742592592592586
0 0.4120416666666667 0.6390740740740741 0.024802083333333277 0.10453703703703712
0 0.6071145833333333 0.17966666666666667 0.045781250000000044 0.08657407407407407
0 0.4483958333333333 0.5229814814814815 0.03748958333333334 0.09811111111111115
0 0.46765625 0.6234074074074074 0.04158333333333329 0.11492592592592582
0 0.7046458333333334 0.5660555555555555 0.04245833333333333 0.10850000000000005
0 0.7068020833333333 0.3375925925925926 0.041281250000000116 0.10153703703703701
0 0.35830208333333335 0.632074074074074 0.034885416666666676 0.09050000000000001
0 0.5646770833333333 0.3571666666666667 0.04496875000000008 0.10253703703703705
0 0.6356458333333334 0.6341111111111112 0.0428958333333334 0.11225925925925927
0 0.5672916666666666 0.14446296296296296 0.036885416666666754 0.10090740740740742
0 0.38106249999999997 0.3678148148148148 0.04689583333333332 0.09490740740740741
0 0.6644583333333334 0.3156851851851852 0.036312499999999893 0.09809259259259254
0 0.5442083333333334 0.5710925925925926 0.05341666666666664 0.10053703703703697
0 0.6329375 0.224962962962963 0.035302083333333435 0.09920370370370371
0 0.30120833333333336 0.7086296296296297 0.05603124999999996 0.0963518518518518
0 0.6175312500000001 0.44731481481481483 0.05557291666666657 0.08962962962962959
0 0.5867708333333332 0.15364814814814814 0.032374999999999925 0.1180185185185185
0 0.6591354166666666 0.5428333333333333 0.02979166666666657 0.10222222222222231
0 0.32759375 0.6040185185185185 0.03271874999999997 0.06011111111111118
0 0.6029375 0.3658148148148148 0.04455208333333331 0.09905555555555558
0 0.5 0.4980185185185185 0.02976041666666672 0.12301851851851849
0 0.5476145833333333 0.8141481481481482 0.041666666666666664 0.12301851851851864
0 0.6781979166666667 0.5767222222222222 0.026041666666666668 0.10846296296296305
0 0.41071875 0.24537037037037038 0.043156249999999945 0.10714814814814817