0 0.4525104166666667 0.18596296296296297 0.050625000000000024 0.10222222222222226
0 0.4701875 0.4638888888888889 0.04191666666666668 0.10196296296296291
0 0.3110104166666667 0.5905925925925927 0.043656249999999966 0.08946296296296308
0 0.62153125 0.44783333333333336 0.05940624999999997 0.09368518518518514
0 0.6107604166666667 0.1787037037037037 0.048593750000000095 0.08948148148148147
0 0.5012083333333334 0.08901851851851854 0.04805208333333333 0.10144444444444446
0 0.5782083333333333 0.7633148148148148 0.049666666666666734 0.10531481481481482
0 0.49194791666666665 0.2081851851851852 0.049802083333333275 0.10075925925925926
0 0.7119791666666667 0.33675925925925926 0.043354166666666555 0.10285185185185189
0 0.6675625000000001 0.3080555555555555 0.042708333333333334 0.09881481481481484
0 0.5370625 0.1157962962962963 0.03731249999999999 0.08670370370370369
0 0.7070833333333333 0.566 0.04247916666666664 0.11114814814814812
0 0.5686458333333333 0.14392592592592593 0.03791666666666676 0.09935185185185186
0 0.42266666666666663 0.4751851851851852 0.04960416666666667 0.08627777777777784
0 0.41283333333333333 0.6376481481481481 0.02635416666666662 0.10498148148148137
0 0.6375833333333334 0.2236851851851852 0.04104166666666676 0.1003703703703704
0 0.47111458333333334 0.622462962962963 0.043031249999999945 0.12009259259259264
0 0.44973958333333336 0.534037037037037 0.03626041666666661 0.08622222222222212
0 0.43402083333333336 0.633425925925926 0.0277708333333333 0.10666666666666672
0 0.6020520833333334 0.36300000000000004 0.04487499999999992 0.10057407407407408
0 0.3813333333333333 0.36737037037037035 0.05117708333333333 0.09983333333333327
0 0.5658124999999999 0.3512777777777778 0.04452083333333334 0.10083333333333332
0 0.5460208333333333 0.5689444444444445 0.055781249999999956 0.10901851851851853
0 0.6369791666666667 0.6372407407407408 0.0605625000000001 0.11753703703703709
0 0.30220833333333336 0.698962962962963 0.05693749999999997 0.11581481481481475
0 0.4302604166666667 0.3478888888888889 0.043020833333333286 0.10640740740740737
0 0.35894791666666664 0.5362407407407407 0.05416666666666667 0.07218518518518521
0 0.508 0.4897037037037037 0.03420833333333337 0.11014814814814818
0 0.5864479166666666 0.15042592592592594 0.033937499999999926 0.11907407407407404
0 0.661625 0.5428148148148149 0.030697916666666696 0.10027777777777773
0 0.3608645833333333 0.6408703703703703 0.040177083333333384 0.11772222222222231
0 0.54725 0.8135 0.04240625000000004 0.11640740740740743
0 0.6808020833333334 0.5707592592592592 0.026781250000000038 0.11507407407407405
0 0.4140625 0.25 0.04240625000000004 0.09788888888888891