0 0.6813400263836049 0.24395882834463417 0.06259589476843672 0.11233061223999148
0 0.6728289111267051 0.35626528230980564 0.04861749660774493 0.09681531341202719
0 0.6320194851506036 0.41754516853007295 0.07361749660774469 0.0981085146670724
0 0.623536385120318 0.3172119598460427 0.052893346147917936 0.10073455065823848
0 0.5785536484250151 0.3260104269094801 0.036608819538523345 0.1128353794511713
0 0.550976777476725 0.3265124107026665 0.03161885195220293 0.1199733699304443
0 0.5136154707527862 0.34138823385538375 0.044228034825709035 0.12432367426167056
0 0.5346258665014486 0.4401489159859655 0.035130421377831546 0.09796668125072956
0 0.56012604816894 0.4924516516633703 0.05821086235475761 0.10470767129007649
0 0.6021881429979482 0.5827272586740071 0.054207969998350335 0.11004769330312456
0 0.5497794757282741 0.6140981899662413 0.04203551861886936 0.12051220378671301
0 0.5743516029709618 0.6978824071251276 0.04269504522826395 0.10760312420937697
0 0.5361212626273287 0.7775191617070327 0.04823092718211631 0.11898365224862249
0 0.4960967684316136 0.7592502433761107 0.04582004522826395 0.10776477436625774
0 0.4847631207610342 0.8790988132127568 0.04165337856159728 0.10754924082375004
0 0.4499196641802758 0.8614864038796264 0.035348787124843996 0.10537408865813708
0 0.4214899819097769 0.837995138677179 0.03644504522826395 0.10727982389561586
0 0.3971472938349932 0.834631768609781 0.03304265867614167 0.13299021627903407
0 0.3782836815931303 0.8041740714552105 0.0470800776419433 0.11522606515929207
0 0.3502907308166568 0.7658679914379483 0.04411885195220269 0.12061997055796686
0 0.3230325497521728 0.684996260520907 0.044723787124844 0.10585903912877896
0 0.27316681365987744 0.6653873825015886 0.0368817767222892 0.12209463871043066
0 0.4203125561594651 0.6309649149691599 0.04697089476843696 0.11152236145558837
0 0.3831946962167372 0.6199417538887645 0.046147593848782975 0.11887588547736885
0 0.367231074175327 0.5440328612853831 0.05733296999835034 0.11020934346000533
0 0.3465666640288474 0.36297253851864775 0.04482854062999391 0.14469404463204094
0 0.44048708239164164 0.40526443095601034 0.056068508216314566 0.13787935446652927
0 0.47805274724928604 0.48930103172048645 0.040993851952202696 0.1204583204010863
0 0.5133329353240698 0.4920986262388022 0.046311368159042486 0.1244314410329244
0 0.43703082391100384 0.16969215370116805 0.04768058344622806 0.13559643552966233
0 0.40647207560713144 0.21842311072094292 0.05102837856159728 0.10803419129439215
0 0.32511438790956565 0.4556091061265983 0.033593002412029685 0.11637743299799434
0 0.3058664209262524 0.42054872103521135 0.03298806723938839 0.13113836442718224
0 0.28300656038051714 0.43744795456693003 0.03896511005562253 0.1222024054816844