0 0.3192627502643231 0.37471157787050524 0.06654419568809095 0.10250905114531166
0 0.3254670175642829 0.44701999016400096 0.06331001281458461 0.09877302616488035
0 0.47036786710445594 0.4448138389486727 0.06194079752739891 0.08765114129486017
0 0.5721715992014887 0.4023349881648898 0.06336903361969419 0.06545046659045628
0 0.6173262494355263 0.6732548202396281 0.06747667948125127 0.09881612120051703
0 0.5062736420177228 0.41091550061287085 0.06380576511371956 0.0802652814052711
0 0.4851880031664656 0.3662394203518791 0.05804708804449798 0.09686730551848265
0 0.2885690185445083 0.6559614235354394 0.05695082994107826 0.09500467990772163
0 0.30836732926370963 0.7089600633708554 0.0639149479872259 0.08396898510897481
0 0.48678743328925794 0.8775229116055371 0.0701649479872259 0.08403362766242982
0 0.5306236936532791 0.25649057240251566 0.04910881953852334 0.11158515650311494
0 0.25756761420231356 0.4528011773163859 0.06298246419406557 0.08766191505376923
0 0.2661281720193725 0.5158718778684406 0.05635032413679338 0.07463430953735126
0 0.27523685888814137 0.5780220393740241 0.060571582240213216 0.07652925642483979
0 0.3583031595820058 0.8530388173526511 0.06396953942397907 0.08582083696082665
0 0.5588025655817945 0.4670312916317036 0.07339913086073224 0.08776965264286113
0 0.43506630785559264 0.7056394454486907 0.061608819538523346 0.11171444161002497
0 0.5784171698331323 0.3672036717742504 0.06304148499917517 0.054339355479345174
0 0.35179642469572536 0.7733176107722934 0.06068076511371956 0.08023296012854349
0 0.5176176436009557 0.5916434363109733 0.06566630333168379 0.10805383294195794
0 0.3922627992620601 0.6023876222789092 0.06303705563081875 0.0895137669056213
0 0.5875878116994268 0.2681942402536315 0.0627095070102996 0.07840265579450997
0 0.5640573511234058 0.18273971109571685 0.041930765113719556 0.08003903246817835
0 0.4321338169007041 0.2749222835094975 0.06320082994107826 0.09506932246117664
0 0.5358416613910282 0.7687376977382815 0.07564623850432498 0.09334675571623502
0 0.6396054801751158 0.18259488269070623 0.05733296999835034 0.1079676428706846
0 0.40717218603997196 0.36172768472998723 0.060899130860732245 0.08764036753595089
0 0.2757348258714546 0.6141493111234989 0.06972821649320053 0.069218812847615
0 0.480444472713237 0.7922461494696239 0.06227277551627435 0.06358784097969516
0 0.39175082466543976 0.6727741532876432 0.06413331373423858 0.09137639251638222
0 0.6505710515611951 0.623583419886358 0.07794793758467099 0.10077571064146076
0 0.4939086815931304 0.8303599450573154 0.07159318407952119 0.06183295295802593
0 0.47530988730655815 0.5069209054186194 0.07394947459662037 0.07111375973510353
0 0.361059251470338 0.31771896018110113 0.06051699080346005 0.07467740457298794