0 0.6522867943607202 0.19492929813219823 0.062144302718328485 0.10930630487133586
0 0.34335372283777327 0.400408502692899 0.06842461212274363 0.11154616527309608
0 0.6656378997973775 0.4054260623726212 0.06741325486049211 0.11333334903329643
0 0.5367767692878956 0.5913843537442991 0.061223873669322394 0.11664904418709184
0 0.6890945622852399 0.46885051321693116 0.06845492152715878 0.11339801712494793
0 0.5039243786395493 0.5591298053262328 0.06389423260309547 0.08906527068426831
0 0.44800220862983936 0.6145060681730851 0.0678790428432715 0.07821283193976275
0 0.4565867220020125 0.40635497771168677 0.07170115914481935 0.12099942880730939
0 0.50249338673335 0.24871828182026773 0.061223873669322394 0.11664904418709193
0 0.517423023312627 0.7149322718453747 0.04878449247815268 0.11957673079097891
0 0.4176956207441595 0.13256309881025655 0.07253065998058 0.10810113393599786
0 0.7046716560655836 0.30568178457599493 0.057583613794265416 0.08497355843065629
0 0.7263536527225403 0.3562402745948191 0.06735263605166182 0.10962964532959274
0 0.5307556554936304 0.5101938786752489 0.06720108902958634 0.10037038607033348
0 0.4522845394558902 0.6531686187411941 0.06892070950993817 0.07827750003141402
0 0.6199400823434996 0.16171648974238026 0.06502682748300756 0.0946854943314752
0 0.5647524771706502 0.1345560089985224 0.06514806510066791 0.10209290173888266
0 0.4468959153686874 0.5469134755804925 0.07681856426490725 0.11576721371001086
0 0.5527207072664633 0.25950310230989015 0.07256096938499515 0.10995298578784977
0 0.6073716351715631 0.6361256656777304 0.06851554033598907 0.11710172082865164
0 0.5411897317673346 0.06465007667273089 0.06928442236291966 0.1004997222536363
0 0.682590063692954 0.26256303601040387 0.06377299498543512 0.0816578632768609
0 0.5048305294267603 0.8056201058974832 0.06098139843400148 0.10183422937227701
0 0.6736656969735259 0.22696926963250386 0.07437151807859242 0.09341565530448583
0 0.44299733632389304 0.8502409321373071 0.06542084974040421 0.11875956840554923
0 0.39736082691105434 0.25987938870668725 0.07461399331391334 0.10823047011930069
0 0.4667753789033569 0.7421750824103667 0.06922380355408937 0.09679601854993254
0 0.5104846118145981 0.4502791272596883 0.07017454200751061 0.09130513108602847
0 0.4417943541830159 0.2033626230161483 0.06261009070110787 0.07418578777780206
0 0.5661754535055397 0.3170604185434069 0.06839430271832848 0.10969431342124422
0 0.6590872478662599 0.5467164818923987 0.0652086839094982 0.10579660544258626
0 0.3204259092545541 0.46485883176384385 0.08083368390949831 0.10676662681735714
0 0.42258971311678906 0.17674887088809543 0.07406842403444121 0.07489713678596731
0 0.6109281059642723 0.5348763992935476 0.06383361379426541 0.08536156698056462