0 0.5959027880808786 0.10542452299660218 0.06364088142656736 0.1142902308630971
0 0.5313442584375205 0.13657001237606006 0.036157414276141255 0.09251889246642785
0 0.5151273329678971 0.21341195585764297 0.04205688783899883 0.12797349457974744
0 0.5678224391384487 0.2153204745131151 0.06190807453037669 0.07905116229228502
0 0.5747222472440384 0.30116216869609175 0.06132606170551422 0.049421532662655344
0 0.5779084267355675 0.3306570898616542 0.05927910417373473 0.05116561774325356
0 0.5789153770674982 0.4084618093322454 0.07868386860170512 0.08546885201787068
0 0.6868452797281762 0.5150296827281541 0.07574074760947459 0.09456646112024937
0 0.6621131419174501 0.5830434340354927 0.05881945033193053 0.08074136398725626
0 0.5529249772475998 0.5451287876221699 0.06305886860170512 0.08466060123346746
0 0.5006101575265466 0.4829542587030722 0.07329365626060233 0.075940175830477
0 0.4849719259481501 0.4300049223981449 0.06284061379238158 0.07354949012235634
0 0.514216300540305 0.3793682301408912 0.06678902564972494 0.06265391255375272
0 0.48572092673556766 0.33542576948963326 0.06216270514125408 0.09201412525524794
0 0.42270504972461465 0.2858540531566549 0.06503307453037668 0.07921281244916574
0 0.41347721239764823 0.37345686574277415 0.061726195522607226 0.06979190303302582
0 0.36133269957278574 0.3464944637016752 0.06262235898305828 0.06243837901124523
0 0.3273346891667213 0.42054872103521135 0.06305886860170512 0.08466060123346746
0 0.34265215432033097 0.4837101842181374 0.06287698959393566 0.0754013419742082
0 0.2787781491172988 0.5231620652381151 0.05673611699859731 0.08063359721600262
0 0.29700235946158504 0.5750507671530494 0.057304898245063164 0.05661340652755526
0 0.3184425093097561 0.6314074485407326 0.06538360096751923 0.04408151064960748
0 0.32333669200750076 0.6682289520352621 0.06750331010240652 0.04604112927271318
0 0.3422388110029147 0.7015452520460509 0.05860119552260722 0.06963025287614515
0 0.37179403937509564 0.746359755237608 0.06079365626060221 0.07529357520295435
0 0.4315476663577759 0.6033119372851803 0.07027778366526398 0.081334081229152
0 0.44478179817805225 0.66658116723936 0.07005952885594055 0.07022297011804068
0 0.49116076853469415 0.691988076049555 0.06622024440325897 0.08667410324220007
0 0.42523484947750206 0.786231236856043 0.06287698959393566 0.0754013419742082
0 0.4445073422776533 0.8649448489300156 0.07724206811794546 0.06504459826187359
0 0.5523297549224141 0.7537045961908241 0.058310189110175985 0.05481543806133034
0 0.5988161932168998 0.7049566058485048 0.07121032292726899 0.07583240905922316
0 0.5720916615767251 0.7777077535567268 0.0687632315783965 0.057206123769451
0 0.5693370353814624 0.8232667157767913 0.07713294071328392 0.05948904270631804