0 0.48970833333333336 0.19488888888888886 0.051250000000000046 0.10172222222222221
0 0.6109583333333333 0.16996296296296295 0.04822916666666662 0.08866666666666666
0 0.49924999999999997 0.07529629629629629 0.04489583333333336 0.0993148148148148
0 0.7153125 0.32835185185185184 0.043052083333333255 0.1021666666666667
0 0.6213333333333334 0.4426851851851852 0.05725000000000004 0.09166666666666666
0 0.44798958333333333 0.17605555555555555 0.05137500000000005 0.10390740740740743
0 0.53521875 0.10618518518518519 0.037218750000000016 0.08896296296296295
0 0.7075104166666667 0.5573518518518519 0.04040624999999996 0.12296296296296293
0 0.40975 0.6366666666666667 0.02865624999999999 0.10940740740740748
0 0.30532291666666667 0.5841111111111111 0.04507291666666665 0.09207407407407413
0 0.4702395833333333 0.6199444444444444 0.04549999999999995 0.1242592592592593
0 0.42063541666666665 0.46857407407407414 0.049583333333333354 0.08544444444444448
0 0.3770625 0.36492592592592593 0.051770833333333384 0.1006666666666667
0 0.5792083333333333 0.7627777777777778 0.05132291666666665 0.10922222222222226
0 0.66809375 0.3020925925925926 0.04120833333333328 0.10196296296296296
0 0.5462708333333333 0.566962962962963 0.054572916666666714 0.10016666666666672
0 0.6388229166666667 0.21487037037037038 0.0406979166666666 0.10094444444444443
0 0.4307916666666667 0.630611111111111 0.031114583333333338 0.11144444444444435
0 0.46847916666666667 0.4620740740740741 0.045239583333333284 0.1066296296296296
0 0.6429479166666667 0.6310555555555555 0.045656249999999926 0.11907407407407399
0 0.5671250000000001 0.3471296296296296 0.04590624999999993 0.1007407407407407
0 0.6029166666666667 0.36227777777777775 0.04721874999999993 0.0992037037037037
0 0.3530416666666667 0.5341666666666667 0.05951041666666666 0.0581111111111111
0 0.6622395833333333 0.5408703703703703 0.02887500000000003 0.10481481481481486
0 0.29664583333333333 0.7072222222222222 0.06009375000000003 0.09740740740740746
0 0.5898333333333333 0.14196296296296296 0.03189583333333322 0.12088888888888889
0 0.5646770833333333 0.13464814814814813 0.030406250000000058 0.09927777777777777
0 0.3545416666666667 0.6305185185185186 0.039437500000000014 0.1050740740740741
0 0.42998958333333337 0.3335 0.04115624999999999 0.10161111111111112
0 0.5053333333333333 0.48629629629629634 0.03927083333333338 0.11157407407407408
0 0.4112395833333334 0.2452037037037037 0.044187499999999956 0.10083333333333332
0 0.5461354166666667 0.8128333333333333 0.041666666666666664 0.12037037037037036
0 0.6830312500000001 0.5701111111111111 0.023812499999999896 0.12698148148148136
0 0.4456875 0.5125740740740741 0.028270833333333318 0.11242592592592594