0 0.48384334003809665 0.8192028623186016 0.05765528102985134 0.11348173927695485
0 0.5228179665669936 0.847671051556256 0.05765528102985134 0.11348173927695485
0 0.5721645024749553 0.5718975321368733 0.05761285935414643 0.10051877631399188
0 0.5763345465152134 0.41186320510769636 0.03997118865406388 0.12015640706946505
0 0.6969042594352378 0.4974186309766676 0.04924316458449477 0.08906284656057627
0 0.5263341992613153 0.5690751036782724 0.05140528102985134 0.11322312529522631
0 0.44197807448727067 0.24146663852057676 0.05767346174801062 0.1190372948325104
0 0.4647236654355255 0.9313899833363793 0.054524220790465 0.11150058043423862
0 0.6400152514338695 0.5311806650870791 0.06902877101177486 0.08802993898419757
0 0.5372720465152133 0.4102468677218938 0.05459694366310188 0.13372280265646094
0 0.4024569846519024 0.857507547222799 0.04513710031169206 0.10740895575794243
0 0.42085012503590025 0.6489810275784368 0.053488614363184674 0.11330932995580248
0 0.3785054060657516 0.5361027209255149 0.0648924055420404 0.09711678892230448
0 0.5976917433015733 0.41182087695267583 0.03475073484195737 0.11623719171432101
0 0.34079295043332913 0.7586466622743627 0.04932194769651801 0.11313692063465033
0 0.3013496971136794 0.3958545602820169 0.047281036038889585 0.12601367893703713
0 0.3186970989496231 0.6660532955065026 0.04826210031169206 0.1075382627488066
0 0.36302212718353616 0.8104992883014821 0.05242270673897238 0.1058588202181071
0 0.38864027160095016 0.6226448553395068 0.055571947696518006 0.11339553461637866
0 0.43203237022325375 0.8929952228952682 0.044065132448093416 0.09810659416839497
0 0.6533754581728419 0.42801574051197633 0.051423461748010386 0.11877868085078197
0 0.2808095908827909 0.6237393197102473 0.060816642466169905 0.12472215737893011
0 0.6082501310860244 0.6872950025858445 0.05973861436318468 0.11356794393753102
0 0.4590409923259512 0.4394216003576962 0.06286361436318467 0.11369725092839518
0 0.5545497555982133 0.7017418992426757 0.05243482721774531 0.1095625239218108
0 0.5509739622717219 0.5210139343659679 0.04515528102985134 0.11296451131349798
0 0.34393985577897773 0.4337328669349388 0.03785755412379833 0.11081094314962961
0 0.37389703643167305 0.35255387594074133 0.06917421675704886 0.132474383428642
0 0.7097860545165818 0.3812691922734578 0.0639416424661699 0.12485146436979427
0 0.47857882344618474 0.19945670156214063 0.050430276996435215 0.13355039333530874
0 0.32738227342126647 0.3997098963169964 0.04106133723582157 0.13501432421456797
0 0.3821717557291412 0.8483337184488483 0.03478103603888959 0.12549645097358028
0 0.5625831070819193 0.7937533845516469 0.04824391959353278 0.10198270719325103
0 0.49727964702329724 0.5336089791709472 0.03684618865406364 0.12002710007860089