0 0.6032721820147643 0.8158922473296699 0.0523924055420404 0.09659956095884784
0 0.48231461377400947 0.7829291546801227 0.054506040072305716 0.10594502487868306
0 0.6206074633719351 0.5419898084014806 0.06071967863598739 0.09509252774930048
0 0.44121726235576747 0.7994465115413162 0.054518160551078526 0.10964872858238697
0 0.5498616562558067 0.4124918082885177 0.05764316055107865 0.10977803557325114
0 0.4689419393023663 0.5167797159769129 0.048268160551078645 0.10939011460065844
0 0.7126801660774915 0.6622708774102047 0.04513710031169206 0.10740895575794243
0 0.5274153526493832 0.8755201989221802 0.03884467863598727 0.09418737881325115
0 0.4900062562401794 0.9048496605903286 0.0503333131662527 0.10392076370567907
0 0.6328172663891837 0.7711453123979414 0.04409543364502563 0.10736585342765423
0 0.6476025759802675 0.3547364855377357 0.04935830913283657 0.12424803174576145
0 0.5877730580262865 0.2183044294752666 0.053488614363184674 0.11330932995580253
0 0.415226065962191 0.33842237926604873 0.030565887457131662 0.1105092268376132
0 0.4757124253818015 0.3572187404056371 0.049376489850995735 0.129803587301317
0 0.31015711813474517 0.3853683072177362 0.04821967863598727 0.09457529978584374
0 0.43608061013337684 0.34404181414176893 0.033703007935904354 0.11434223753218117
0 0.4209767907206083 0.5039476083553491 0.04613634530265394 0.09448909512526767
0 0.6643123588304352 0.6855714320648961 0.044089373405639044 0.1055140015758026
0 0.3744351038868609 0.6077390650701641 0.053464373405639046 0.10590192254839528
0 0.563615778554896 0.6360271032339909 0.04930376697835896 0.10758136507909478
0 0.711392712461777 0.4280331693160894 0.042042401508624275 0.11653890802633753
0 0.6010824472382706 0.6242902341584353 0.04930376697835896 0.10758136507909478
0 0.30402797566857537 0.2633831478120983 0.06180376697835873 0.10809859304255154
0 0.5809611920328408 0.8427448733567893 0.03476891556011689 0.12179274726987657
0 0.35515180282085673 0.4455519440523863 0.054463618396600806 0.0929820619157202
0 0.5570210394176667 0.8492917825089703 0.0336666464995858 0.10323112642106985
0 0.35896091536372504 0.33612027547197476 0.04306588745713166 0.11102645480107005
0 0.4282021420079225 0.6425563320973656 0.0451189195935329 0.10185340020238687
0 0.4494650578298949 0.4546141461242792 0.03988634530265393 0.09423048114353913
0 0.6650900578298949 0.4456919637546492 0.03159543364502563 0.10684862546419759
0 0.5079408067888089 0.4957189341466659 0.04412573484195761 0.11662511268691371
0 0.4050646238575499 0.7351928011955139 0.038893160551078526 0.10900219362806596
0 0.553712843220482 0.15674229224666583 0.05674693962968576 0.1541793776874075
0 0.6874010478118184 0.41883933772752985 0.026465883423715534 0.13070718788683133