0 0.29725 0.6931296296296297 0.04836458333333328 0.10316666666666674
0 0.30803125 0.5833333333333334 0.041666666666666664 0.08994444444444454
0 0.35490625 0.6302962962962964 0.038687499999999986 0.10714814814814817
0 0.35490625 0.5330740740740741 0.055062500000000014 0.06349999999999993
0 0.3831875 0.3637592592592593 0.038687499999999986 0.10846296296296296
0 0.4114583333333333 0.2433888888888889 0.03571874999999996 0.10316666666666666
0 0.4285729166666667 0.33796296296296297 0.02976041666666672 0.09127777777777782
0 0.4427083333333333 0.17592592592592593 0.04464583333333335 0.10316666666666668
0 0.484 0.19840740740740742 0.039437500000000014 0.10581481481481485
0 0.41853125 0.46561111111111114 0.04389583333333332 0.0820185185185185
0 0.40625 0.6322777777777778 0.020833333333333332 0.12698148148148158
0 0.4296875 0.628962962962963 0.027531249999999948 0.10449999999999991
0 0.4657708333333333 0.6177222222222222 0.03273958333333328 0.10581481481481479
0 0.44754166666666667 0.5185185185185185 0.03051041666666663 0.0952407407407407
0 0.46652083333333333 0.4603148148148148 0.038687499999999986 0.0952407407407407
0 0.500375 0.48412962962962963 0.03347916666666665 0.10316666666666668
0 0.5405520833333333 0.5654814814814815 0.03794791666666667 0.10714814814814817
0 0.5450104166666667 0.8167962962962962 0.04389583333333338 0.1309444444444445
0 0.5796145833333333 0.753962962962963 0.052083333333333336 0.10581481481481479
0 0.6365312500000001 0.6302962962962964 0.046875 0.12301851851851864
0 0.7098229166666666 0.557537037037037 0.04315625000000007 0.1256666666666667
0 0.6796875 0.5681296296296297 0.017114583333333398 0.10714814814814817
0 0.6581145833333333 0.5337222222222222 0.026041666666666668 0.10979629629629623
0 0.6197916666666666 0.4385 0.05059374999999993 0.0992037037037037
0 0.6045416666666666 0.35251851851851856 0.04240625000000004 0.09390740740740737
0 0.5647291666666666 0.34390740740740744 0.040177083333333266 0.10581481481481479
0 0.7098229166666666 0.32937037037037037 0.037197916666666705 0.10053703703703708
0 0.6651770833333334 0.3055555555555556 0.03125 0.10316666666666663
0 0.6361562500000001 0.2116481481481482 0.03125 0.10846296296296298
0 0.60975 0.16931481481481483 0.04240625000000004 0.09524074074074075
0 0.5900312499999999 0.1402037037037037 0.029760416666666602 0.11640740740740739
0 0.5654791666666666 0.13425925925925927 0.03125 0.10450000000000001
0 0.5342291666666666 0.10779629629629629 0.03125 0.0939074074074074
0 0.5007395833333333 0.08266666666666667 0.03422916666666668 0.09655555555555558