0 0.33541666666666664 0.23332339479720215 0.07083333333333333 0.12330132882995894
0 0.3333333333333333 0.358237190136626 0.04791666666666667 0.10383455904510289
0 0.36822916666666666 0.41986630338646147 0.06041666666666667 0.09138882404559678
0 0.38177083333333334 0.3232044114579841 0.046875 0.11305071597407416
0 0.4328125 0.3484645737902476 0.034375 0.11253348801061731
0 0.4515625 0.3594256009206179 0.0375 0.12377390611259258
0 0.4875 0.3877644831674082 0.03854166666666667 0.12381700844288078
0 0.4557291666666667 0.4660794917232517 0.04375 0.09995844602024703
0 0.4265625 0.51394670054926 0.05416666666666667 0.11150058043423883
0 0.3776041666666667 0.5943282984331282 0.051041666666666666 0.10396386603596705
0 0.4166666666666667 0.6394631543374492 0.03854166666666667 0.09418737881325115
0 0.3932291666666667 0.7153452037578195 0.0375 0.10155168389037035
0 0.41354166666666664 0.8041486621613998 0.04895833333333333 0.1112850687827985
0 0.4510416666666667 0.7973670127184368 0.04895833333333333 0.10943321693094664
0 0.44947916666666665 0.918598655519301 0.042708333333333334 0.10547089924551462
0 0.4864583333333333 0.9062398993556386 0.03958333333333333 0.09978603669909447
0 0.521875 0.8910387119187662 0.035416666666666666 0.10331733108164624
0 0.5421875 0.900212540692717 0.03854166666666667 0.12196515659102893
0 0.5661458333333333 0.882685375770824 0.052083333333333336 0.1132662276255145
0 0.5973958333333333 0.8413858530868734 0.03958333333333333 0.1312675181805764
0 0.6375 0.7736008483585195 0.040625 0.11464395384419748
0 0.684375 0.769058971740001 0.041666666666666664 0.12024261173004124
0 0.5510416666666667 0.6922455771668321 0.046875 0.11305071597407416
0 0.5869791666666667 0.6918807557099186 0.053125 0.11886488551135825
0 0.6104166666666667 0.6261838914747334 0.05625 0.11714234065037056
0 0.6630208333333333 0.5505827813765031 0.034375 0.11623719171432101
0 0.684375 0.532021934702964 0.034375 0.11068163615876546
0 0.7135416666666666 0.5406362073584372 0.05 0.13169854148345683
0 0.6536458333333334 0.45482449003354014 0.04479166666666667 0.12592747427646095
0 0.6119791666666666 0.30587817459979516 0.05520833333333333 0.12080294202378607
0 0.5541666666666667 0.47941192119473336 0.058333333333333334 0.1301915082739095
0 0.5072916666666667 0.5293241681836222 0.04583333333333333 0.12226687290304544
0 0.47291666666666665 0.5390129023952271 0.04791666666666667 0.11309381830436215