0 0.3134498422639839 0.5563031308166405 0.06455987878747939 0.10699059022694352
0 0.47014794616011635 0.5718199877608935 0.06335457088711062 0.09027004017464993
0 0.5161789196461132 0.8725006550335052 0.05608108657974415 0.09174470832711373
0 0.4852843882586492 0.30394806986989764 0.06158033766188117 0.12164375488487757
0 0.3339037118516515 0.27758951874266785 0.05721366504291202 0.10105785097199971
0 0.2670267651532127 0.4547773626965433 0.06450533170957869 0.10143503467138797
0 0.6533733682374678 0.4330744904046362 0.06662502976151265 0.10524650514634541
0 0.3318127405321254 0.4905524817056308 0.06350002976151241 0.10508485498946474
0 0.43752345454585395 0.12638860905262075 0.06443260227237767 0.0940276272639805
0 0.4149211601738449 0.1993311320285303 0.0612894199130776 0.09201412525524799
0 0.28740026731748664 0.3965418877641948 0.0549303257572762 0.0805797138303756
0 0.5642067759745824 0.17370312283984102 0.06859926893904435 0.09424316080648804
0 0.30770104004455967 0.34571382023925373 0.06119850811657652 0.08275486599598877
0 0.4693115576323059 0.6570051729460786 0.05619018073554554 0.10285581943822485
0 0.5579831369073511 0.7014270172319919 0.06310001785690744 0.06434411424872401
0 0.3634703904229231 0.2383575127994798 0.06229472186114376 0.08836430493717115
0 0.5584896068744806 0.5967704459095488 0.07382578463167798 0.0963644295864743
0 0.5061608116905941 0.6190762766282047 0.05387047673130922 0.07867397859289693
0 0.5588676174266889 0.6644169218877684 0.06417804924217473 0.06810170133805463
0 0.4350661999470465 0.32358388958202955 0.06236745129834465 0.09577171234457856
0 0.4031138133143488 0.7119438529849186 0.06351821212081271 0.10693670684131659
0 0.4224688330641721 0.3859271936102833 0.06236745129834465 0.09577171234457856
0 0.5405824504886642 0.4568847143865626 0.0698773062766141 0.11837111826618893
0 0.592585146104966 0.30857213266354044 0.07411670238048156 0.12599405921610393
0 0.5747330773843262 0.9061006218769794 0.07406215530258085 0.12043850366054837
0 0.399819899894093 0.6228394305535222 0.06547426893904434 0.09408151064960749
0 0.4931206130981411 0.7795946704974202 0.048953061146779574 0.10803419129439215
0 0.4905487218633406 0.5108067350507672 0.06637047673130922 0.07932057922041938
0 0.3142510489730134 0.3154815649974595 0.07159699242394287 0.08144184800040564
0 0.5441813747302896 0.24955813205759553 0.061071231601474804 0.06979190303302582
0 0.551344852275673 0.7937232512036366 0.07274775324641093 0.09260684249714367
0 0.6767316837138938 0.4954249193851656 0.07172426893904457 0.0944048109633686
0 0.5627014591457599 0.22087146167643634 0.06832653354954109 0.06646538302871026
0 0.34290360768635786 0.634717600851672 0.0612894199130776 0.09201412525524794