0 0.7086608257943873 0.6861972693518813 0.059088754711164884 0.09804180278911821
0 0.3796033420012269 0.6796865276531466 0.06533875471116464 0.09823574795498716
0 0.6729136763147856 0.4797204742584476 0.06435167948125127 0.10005527561252756
0 0.5134405668621704 0.38318901634789815 0.0562367118949305 0.1072040894654428
0 0.6800777231262823 0.4050113920072513 0.06539334614791793 0.100087599806839
0 0.49046266470621597 0.43335532370750346 0.06051699080346005 0.0758842289555189
0 0.42695050844210414 0.4147330432849902 0.06534318407952118 0.06308288696411342
0 0.4815044640426372 0.6060670952324462 0.06769504522826394 0.10755965560286954
0 0.55945018694313 0.725970867718312 0.05623671189493062 0.1072040894654429
0 0.46770240878903635 0.2790859466033483 0.04390048620519013 0.11237175468926015
0 0.5080042333774087 0.8871883241884532 0.0693962385043251 0.09466134102852948
0 0.7311835594746529 0.549984499269788 0.055254066033373544 0.07387075613210957
0 0.7397714130100883 0.4882707041758661 0.06424249660774492 0.09635157190882385
0 0.5262046653092234 0.46314188792064287 0.06402413086073225 0.08894416450141644
0 0.4221582549369542 0.375731019716011 0.06638485074618786 0.06311521115842499
0 0.686203756971766 0.7363797388086425 0.0627640984470529 0.08150443289969736
0 0.6416511077179539 0.7960524232728912 0.06194079752739891 0.08887951611279332
0 0.44081307967675504 0.47899366040846153 0.07372667948125126 0.10034619336133106
0 0.6030135462828504 0.6856941414070404 0.06840916327441159 0.09648086868606988
0 0.5676456026681049 0.2979136479008386 0.0644608623547576 0.10375897931623125
0 0.6362133352167167 0.8763655473711104 0.06605287275731228 0.0871569610381875
0 0.7208148401922045 0.6042424006648351 0.06134029172311415 0.06850914574242295
0 0.4357220684454033 0.20038692928769233 0.05782872229748541 0.09060207118739914
0 0.7208922979789779 0.6421730394334866 0.07202991557354656 0.07809164694479738
0 0.3690008103419835 0.19646632899990357 0.06144504522826395 0.10736571043700038
0 0.4605943924307683 0.7793330644487324 0.07142498040090525 0.09287413756530054
0 0.41474118309929586 0.2829929682490166 0.06698535655047273 0.08348558152879536
0 0.5209328818024239 0.5314341370789808 0.06780865747012671 0.0761104983156995
0 0.5139355434936027 0.8059654362614639 0.061121925976101346 0.06110173833501554
0 0.6022263998182859 0.623689428564315 0.0652841632744116 0.0963838961031353
0 0.6352927005121505 0.35089216016554564 0.06100831373423858 0.09255089562218556
0 0.34391814751915095 0.6341753847964223 0.07866205563081863 0.0912485550736295
0 0.5025273722286661 0.8426145829667627 0.07252566787268151 0.05960545262059032
0 0.5938126745057632 0.39123353486544027 0.06144947459662025 0.07221284944612665