0 0.45071875 0.19085185185185186 0.04867708333333335 0.10194444444444446
0 0.4703541666666667 0.4684259259259259 0.041968749999999964 0.10085185185185187
0 0.422875 0.48131481481481486 0.04888541666666661 0.08548148148148142
0 0.49083333333333334 0.21224074074074073 0.047666666666666656 0.09762962962962962
0 0.45007291666666666 0.5304814814814814 0.03800000000000002 0.097074074074074
0 0.5363854166666666 0.12155555555555556 0.036697916666666684 0.08624074074074073
0 0.5660416666666667 0.3583148148148148 0.04506249999999999 0.09357407407407402
0 0.43459375 0.6347592592592592 0.028822916666666625 0.10209259259259258
0 0.313 0.5937777777777777 0.04655208333333339 0.09050000000000001
0 0.5016875 0.09731481481481481 0.045250000000000054 0.09344444444444445
0 0.6185520833333332 0.44379629629629636 0.05489583333333338 0.10162962962962967
0 0.6646562500000001 0.3174814814814815 0.040395833333333304 0.0962407407407408
0 0.6039895833333334 0.18159259259259258 0.04963541666666676 0.08770370370370373
0 0.57628125 0.7613148148148149 0.04744791666666662 0.1044259259259259
0 0.41331249999999997 0.6397777777777778 0.025510416666666678 0.10412962962962967
0 0.6351875 0.22933333333333333 0.03909374999999997 0.10061111111111108
0 0.56578125 0.1497037037037037 0.032374999999999925 0.09485185185185185
0 0.7047916666666667 0.571388888888889 0.04477083333333335 0.11368518518518515
0 0.38176041666666666 0.37340740740740735 0.04909375 0.09787037037037041
0 0.46954166666666663 0.624 0.041239583333333364 0.11351851851851844
0 0.3609375 0.5382962962962963 0.05783333333333331 0.0705740740740741
0 0.7038541666666667 0.3436296296296296 0.046635416666666644 0.1037037037037037
0 0.5439895833333334 0.575425925925926 0.056166666666666684 0.10120370370370366
0 0.30471875 0.7082962962962963 0.05543750000000003 0.09231481481481486
0 0.5873333333333334 0.15327777777777776 0.0305416666666666 0.11246296296296295
0 0.60365625 0.372 0.046291666666666724 0.1051481481481481
0 0.35985416666666664 0.6425555555555555 0.036062500000000004 0.09816666666666665
0 0.6590833333333334 0.5438518518518519 0.030739583333333324 0.10183333333333335
0 0.5457604166666666 0.8135 0.04538541666666666 0.12168518518518526
0 0.6357916666666666 0.6375740740740741 0.036458333333333336 0.13757407407407402
0 0.6785729166666666 0.5707592592592592 0.023812499999999896 0.10979629629629623
0 0.4148020833333333 0.25396296296296295 0.039437500000000014 0.10846296296296296
0 0.43303125 0.3478888888888889 0.03273958333333328 0.09524074074074075
0 0.5007395833333333 0.4867777777777778 0.02976041666666672 0.11905555555555554