0 0.29464583333333333 0.6997407407407408 0.053572916666666616 0.11375925925925917
0 0.30803125 0.5866481481481481 0.038687499999999986 0.08862962962962966
0 0.35528125 0.5317407407407407 0.057291666666666664 0.07407407407407407
0 0.3526770833333333 0.6276481481481482 0.03571874999999996 0.0992037037037038
0 0.40811458333333334 0.6342592592592593 0.027531249999999948 0.12301851851851864
0 0.4285729166666667 0.6355740740740741 0.022322916666666616 0.11772222222222231
0 0.46688541666666666 0.6230185185185185 0.029020833333333346 0.12698148148148158
0 0.4482916666666667 0.5185185185185185 0.03198958333333337 0.09259259259259259
0 0.4211354166666667 0.46890740740740744 0.040177083333333384 0.10979629629629634
0 0.38094791666666666 0.3630925925925926 0.03571874999999996 0.10450000000000001
0 0.4322916666666667 0.34127777777777774 0.03571874999999996 0.12168518518518515
0 0.41183333333333333 0.24074074074074073 0.039437500000000014 0.10846296296296296
0 0.44865625 0.17062962962962963 0.040177083333333384 0.1111111111111111
0 0.4869791666666667 0.1970925925925926 0.039437500000000014 0.09788888888888891
0 0.5011145833333334 0.07275925925925926 0.034968750000000055 0.10053703703703705
0 0.5334791666666666 0.1045 0.03125 0.09524074074074072
0 0.5647291666666666 0.12896296296296297 0.026781250000000038 0.11242592592592594
0 0.5881666666666666 0.1388888888888889 0.023062500000000104 0.12433333333333331
0 0.609375 0.16335185185185183 0.041666666666666664 0.10450000000000001
0 0.6376458333333334 0.20964814814814814 0.025302083333333295 0.10714814814814812
0 0.6670416666666666 0.30224074074074075 0.03051041666666663 0.12037037037037036
0 0.7113125 0.32605555555555554 0.038687500000000104 0.10714814814814817
0 0.5680833333333334 0.3419259259259259 0.037947916666666734 0.11242592592592589
0 0.5989583333333334 0.35516666666666663 0.03422916666666656 0.10714814814814817
0 0.6156979166666667 0.42327777777777775 0.0483645833333334 0.10053703703703708
0 0.46875 0.46229629629629626 0.041666666666666664 0.09920370370370374
0 0.50334375 0.47816666666666663 0.029020833333333346 0.12301851851851849
0 0.5442708333333334 0.5582037037037038 0.046875 0.11375925925925917
0 0.5498541666666666 0.8247407407407408 0.04315625000000001 0.1388888888888889
0 0.5796145833333333 0.7533148148148149 0.04464583333333323 0.0992037037037038
0 0.6413645833333333 0.6296296296296297 0.03571874999999996 0.11640740740740743
0 0.6621979166666667 0.5343888888888889 0.022322916666666734 0.12433333333333331
0 0.6789479166666667 0.5687777777777777 0.021572916666666705 0.11640740740740743
0 0.7075937499999999 0.5621666666666667 0.038687500000000104 0.12433333333333331