0 0.5164219707786233 0.12535031241315225 0.06378638463278322 0.12424455366240635
0 0.4817328201430347 0.16568709851615857 0.06163029969634195 0.12034674707246915
0 0.5354381955791525 0.40279234735633834 0.055271172291680416 0.1142088828582132
0 0.5942229295763471 0.553155650705148 0.042843923894788104 0.11674796924451593
0 0.4711343186247449 0.7417992528956842 0.061739427101003726 0.1259023026280248
0 0.5655506330862207 0.44822305509721766 0.052218923894788105 0.11762143223256666
0 0.5811987773093781 0.3948183801554979 0.059365087355239154 0.1108933849269765
0 0.36070603569035325 0.19366025830592576 0.05932871155368531 0.10904153307512458
0 0.34090941270130615 0.24837906494603842 0.054338633029675405 0.119667386970652
0 0.3188724031392046 0.6140594683162701 0.05455688783899883 0.13077849808176292
0 0.6542857508722356 0.4232584900440694 0.06632937180792074 0.09490607836212696
0 0.45402943871646717 0.05749205755822007 0.05530754809323426 0.11498411511644013
0 0.4245668093149889 0.09773120257475615 0.04675595995057738 0.10417321205401996
0 0.39614584658017726 0.13841160594498791 0.04898479649012645 0.11177472234766087
0 0.28476524325040536 0.3918254344450973 0.05538029969634207 0.11976443841376876
0 0.5562384720445677 0.558549880230761 0.05570768191032727 0.13643110508043543
0 0.38828542074511785 0.45546254116780466 0.06780754809323426 0.11722535202746592
0 0.6149835113065727 0.5475109181391095 0.03655754809323426 0.11431380873396359
0 0.3235483089495528 0.3473967388659204 0.05110450562501363 0.11382067708574621
0 0.4771561290925875 0.543655041963853 0.0669113846327832 0.12453570799175648
0 0.42622522721932726 0.34154087542262496 0.05638559056145477 0.11800963800503365
0 0.6687318562553695 0.5211679468007426 0.05009921475990093 0.11557547749448131
0 0.7048313878955441 0.4463777985522435 0.04836640786371002 0.08029324086617938
0 0.6089881198393768 0.2688557401569642 0.059510590561454774 0.1183007923343839
0 0.3926075253408341 0.6489325339647648 0.05991072437854778 0.13867116270475427
0 0.7318022969686532 0.5709489414908518 0.0655787115536853 0.10962384173382513
0 0.555142219597497 0.26366870429229133 0.05523479649012633 0.11235703100636135
0 0.3776868529926085 0.1549733467359041 0.046187178704111646 0.12815023468497727
0 0.36022325970346486 0.5675362922774495 0.04172950562501375 0.11294721409769548
0 0.38973713387363834 0.3699862016532693 0.05746363302967528 0.11995854130000225
0 0.5088591892232667 0.7763168896280029 0.06418651844987622 0.14461492403277681
0 0.3458466090678763 0.6059805752396793 0.04205688783899883 0.12961388076436237
0 0.5053274175389022 0.4371368464097637 0.04737434857699382 0.13565469353550144
0 0.561117741619025 0.16942229995039718 0.04794312982345967 0.11167767090454411