0 0.4991041666666666 0.07714814814814815 0.04738541666666667 0.09857407407407405
0 0.48965625 0.19516666666666665 0.05122916666666662 0.1054814814814815
0 0.7141666666666667 0.32761111111111113 0.04328124999999995 0.10577777777777779
0 0.5447916666666667 0.5675925925925925 0.05593750000000005 0.0977777777777777
0 0.6207291666666667 0.43792592592592594 0.059281250000000084 0.10166666666666668
0 0.61146875 0.17185185185185184 0.04907291666666656 0.09070370370370369
0 0.46811458333333333 0.46012962962962956 0.04466666666666666 0.1011481481481481
0 0.4208645833333333 0.46938888888888886 0.04816666666666668 0.08725925925925922
0 0.5347916666666667 0.10800000000000001 0.03830208333333331 0.08964814814814816
0 0.4485 0.176462962962963 0.05181250000000001 0.10085185185185187
0 0.30673958333333334 0.5836111111111111 0.04747916666666671 0.08983333333333332
0 0.3544791666666667 0.5306481481481482 0.05429166666666667 0.07224074074074073
0 0.5788645833333333 0.7617777777777778 0.049270833333333285 0.10564814814814806
0 0.46994791666666663 0.6187962962962963 0.043770833333333314 0.12416666666666658
0 0.5669479166666667 0.3467222222222222 0.04546875000000009 0.10275925925925927
0 0.4309895833333333 0.6298333333333334 0.029843749999999978 0.11068518518518515
0 0.6387291666666666 0.21587037037037035 0.04444791666666674 0.1015740740740741
0 0.6679166666666667 0.30203703703703705 0.0422604166666666 0.09901851851851846
0 0.37716666666666665 0.3652037037037037 0.05053124999999999 0.09962962962962965
0 0.6417708333333334 0.6301851851851852 0.04530208333333334 0.11631481481481493
0 0.4103541666666667 0.6352407407407407 0.026552083333333344 0.10827777777777783
0 0.6016145833333333 0.3631111111111111 0.04797916666666661 0.09129629629629632
0 0.7063541666666667 0.5659444444444445 0.0357812499999999 0.115462962962963
0 0.5877395833333333 0.14503703703703702 0.03480208333333342 0.12259259259259257
0 0.2977916666666667 0.707037037037037 0.05732291666666664 0.09285185185185182
0 0.66128125 0.5402592592592593 0.029062500000000095 0.10399999999999994
0 0.35476041666666663 0.6337962962962963 0.03977083333333328 0.10477777777777786
0 0.56384375 0.13403703703703704 0.03217708333333344 0.10318518518518519
0 0.44895833333333335 0.5177222222222222 0.03607291666666666 0.09903703703703708
0 0.4298645833333333 0.33383333333333337 0.04141666666666666 0.10094444444444443
0 0.5021666666666667 0.4859074074074074 0.03681250000000003 0.10785185185185187
0 0.6796145833333332 0.5620925925925926 0.029291666666666553 0.12270370370370369
0 0.546875 0.8161296296296295 0.04910416666666671 0.12433333333333331
0 0.4114583333333333 0.2394259259259259 0.041666666666666664 0.09788888888888891