0 0.4388290357160118 0.45731692731684354 0.06684321807311519 0.12543161364546737
0 0.3858870422088336 0.2784078665629047 0.06576518668784814 0.12170636169459857
0 0.418628536258728 0.8699458924487493 0.05942427489134682 0.11231781295234963
0 0.543017703735075 0.3511168704528424 0.042848520021181474 0.1212323002569692
0 0.570108945348239 0.5100427805832125 0.06781215530258085 0.11804575448522482
0 0.49799784497097394 0.9040017407642773 0.04893487878747938 0.1046949230732922
0 0.533418330630737 0.7982313514392398 0.06370003571381488 0.12351511705212066
0 0.46428004599905903 0.8894125338425267 0.04794775919871341 0.11022893038168288
0 0.5750395413991531 0.8037229109554683 0.0636636709952145 0.11981141334841676
0 0.5649927067112264 0.3413841984581216 0.042848520021181474 0.1212323002569692
0 0.3005304651002592 0.7480341737039158 0.05637200432854783 0.11966057561826199
0 0.3805672489200599 0.6079943996982046 0.06887200432854783 0.11991915458424156
0 0.38670051677806583 0.8322408597495984 0.05637200432854783 0.11966057561826199
0 0.5398525200233782 0.46125895914369763 0.04685154545414605 0.10465182657896245
0 0.6690320968627913 0.3565019861375817 0.05311972781344612 0.1066329679138042
0 0.5073101193196048 0.380013859678863 0.06384549458821691 0.13832993186693526
0 0.5261407570366363 0.5313599764245059 0.056426551406448526 0.12521613117381755
0 0.27728242667945424 0.5160247601668925 0.06274928084364942 0.13275282806421485
0 0.33646123972024805 0.4311203508970198 0.06382731222891659 0.13647808001508352
0 0.40798313690735105 0.680798424593881 0.05849170238048167 0.12340737581629566
0 0.5343016282502553 0.920496670155792 0.059497004328547834 0.11972522035975683
0 0.4439479104463014 0.6787640613432946 0.060575035713815 0.12345047231062561
0 0.349443342535342 0.753676570950299 0.05635382196924752 0.11780872376641036
0 0.6260161166148116 0.5991801230166665 0.06052048863591419 0.11789491675507006
0 0.6172305900986116 0.3267208700756295 0.0511091239173138 0.11399727882688164
0 0.5776630733249395 0.6426333480915222 0.05637200432854783 0.11966057561826199
0 0.4866301531405039 0.5231337356248297 0.05224170238048155 0.12327808633330598
0 0.6018448671564294 0.7264838393568147 0.057395488635914184 0.11783027201357502
0 0.439773605793442 0.8916839278119276 0.04493185335451469 0.12127539675129936
0 0.6246548054669335 0.41948584864554184 0.06119850811657652 0.08087942796519801
0 0.6664681139078216 0.2462413820873192 0.06470533766188116 0.11983296159558174
0 0.411980619860124 0.22060246528511324 0.059660645562249925 0.1363918870264236
0 0.3298047727292699 0.5254462799820568 0.04180685335451469 0.12121075200980432
0 0.3060646277075392 0.5027284480750404 0.04304852597348396 0.14160267062733956