0 0.2839266258102297 0.3555020808160289 0.059497004328547834 0.12334859614569244
0 0.30734976244402584 0.4582773056423685 0.052059878787479384 0.10793002162748093
0 0.3473656534074683 0.3928764645435496 0.05012200432854783 0.12257233366989666
0 0.3587187115780966 0.4873843210519246 0.06224017478324318 0.08471846141540217
0 0.40660928760563236 0.6400276158475269 0.05118185335451481 0.12451043690794794
0 0.44829795562469565 0.7449971451190783 0.046942457250647135 0.11675802395574238
0 0.4541051239151169 0.6462883629606333 0.040565180735545665 0.10327755267558215
0 0.4868733509166859 0.7983304510042768 0.05635382196924752 0.12123799013524217
0 0.5245396282436648 0.7590711642968826 0.0511454886359143 0.12080673320424425
0 0.429467588201302 0.5260067969279004 0.05301063365764484 0.0987570137544211
0 0.39769557196814914 0.3692488278684277 0.035684129869616284 0.136179629077918
0 0.4210876160698986 0.36267854204930855 0.038590941558013604 0.1142161610142944
0 0.4575368582235818 0.35873381760639894 0.04383563960994744 0.1183511216489958
0 0.4512634036777278 0.46304128101349934 0.04060154545414605 0.10698125637928607
0 0.476754327378834 0.5109712477447106 0.048953061146779574 0.10952311932073405
0 0.5071380292187964 0.47324164666663904 0.0448591239173138 0.1165855211833434
0 0.5369489867408016 0.37717871225523425 0.04908033766188116 0.12248608228369712
0 0.5116049751075546 0.13185402052940184 0.05870989069208434 0.14918827068541887
0 0.5532417321419941 0.17844709077452023 0.0636818533545148 0.12554545354234245
0 0.6229917619035066 0.2746063511372028 0.06070231222891635 0.14010151419855862
0 0.7036546542193456 0.3142612906961349 0.056572010280850314 0.14346021235746417
0 0.6729254875526789 0.31680570658902113 0.02921594155801349 0.11343989853849852
0 0.6561470906369339 0.3598955211279801 0.03864548863591419 0.11977171656984996
0 0.629058485117047 0.4677798641109232 0.061543972943280775 0.1198173952143878
0 0.6247319962097746 0.5580259358567358 0.05313791017274643 0.11171997671738407
0 0.5864085178547107 0.5834394593683406 0.052187155302580855 0.120892984590444
0 0.7303338863613396 0.5363084571945198 0.04900760822468016 0.1150786748762896
0 0.6890490492399778 0.5786474015313902 0.04277579058398047 0.1164130184109442
0 0.6718108211551734 0.6810827267158079 0.043872004328547834 0.12205482535269951
0 0.650956669369263 0.7337768060588244 0.05313791017274643 0.11171997671738407
0 0.6351653920422841 0.7712248136560282 0.042884884739781866 0.12752412952205533
0 0.6118642597370358 0.7870543587344067 0.042775790583980705 0.11641301841094442
0 0.5846237402563736 0.8263770575057313 0.04164321212081271 0.10706750776548561
0 0.5542491295960613 0.8650325845097289 0.044786394480113026 0.10917811377593588