0 0.30021875 0.7083333333333334 0.052822916666666705 0.10714814814814817
0 0.3154791666666667 0.5846481481481481 0.04464583333333335 0.09788888888888891
0 0.3586354166666667 0.6428518518518518 0.026781250000000038 0.10846296296296305
0 0.35751041666666666 0.530425925925926 0.055802083333333384 0.06085185185185188
0 0.38467708333333334 0.35912962962962963 0.03422916666666668 0.10714814814814817
0 0.41219791666666666 0.24801851851851853 0.03125 0.0992037037037037
0 0.43155208333333334 0.34127777777777774 0.026781250000000038 0.10053703703703708
0 0.4226145833333333 0.4748703703703704 0.043156249999999945 0.10053703703703702
0 0.405875 0.6375740740740741 0.027531249999999948 0.12698148148148158
0 0.4285729166666667 0.6342592592592593 0.022322916666666616 0.12037037037037036
0 0.4680104166666667 0.6269814814814815 0.025302083333333295 0.13757407407407402
0 0.4479166666666667 0.5185185185185185 0.025302083333333295 0.08994444444444448
0 0.46875 0.46627777777777774 0.03273958333333328 0.11242592592592589
0 0.5018645833333334 0.49140740740740746 0.03051041666666663 0.10979629629629628
0 0.5431562499999999 0.5648148148148148 0.03125 0.11640740740740743
0 0.5446458333333334 0.8187777777777777 0.04613541666666663 0.12168518518518526
0 0.5758958333333334 0.759925925925926 0.038687500000000104 0.09390740740740748
0 0.6398854166666667 0.625 0.03571874999999996 0.10185185185185185
0 0.6618333333333334 0.5383518518518519 0.021572916666666705 0.09788888888888891
0 0.6811770833333333 0.5701111111111111 0.023062500000000104 0.12698148148148136
0 0.7068437500000001 0.5687777777777777 0.037197916666666705 0.11905555555555548
0 0.7139166666666666 0.33135185185185184 0.023062500000000104 0.12037037037037036
0 0.6696458333333334 0.3035740740740741 0.038687500000000104 0.10979629629629634
0 0.6369062499999999 0.22090740740740739 0.029760416666666602 0.11375925925925924
0 0.6183020833333334 0.4398148148148148 0.04464583333333323 0.10449999999999995
0 0.6015625 0.3584629629629629 0.03496874999999993 0.10316666666666663
0 0.5691979166666666 0.35251851851851856 0.03571874999999996 0.11772222222222221
0 0.609375 0.17394444444444446 0.037197916666666705 0.09655555555555553
0 0.5874270833333333 0.1474814814814815 0.027531250000000066 0.13359259259259262
0 0.5684479166666667 0.14220370370370372 0.019343749999999934 0.10450000000000001
0 0.5353437499999999 0.1111111111111111 0.036458333333333336 0.09524074074074075
0 0.5011145833333334 0.084 0.04240625000000004 0.10450000000000001
0 0.484 0.19974074074074075 0.039437500000000014 0.10316666666666668
0 0.4479166666666667 0.18187037037037035 0.04910416666666665 0.0992037037037037