0 0.5525343413278081 0.4540525487657287 0.06511988585581084 0.10452743084049006
0 0.6615682904594634 0.40927323213948336 0.06298803611774038 0.10252466462728857
0 0.3283533760676053 0.310277848684886 0.05962045409405405 0.09303903382600474
0 0.344373687481423 0.5249213093805233 0.06284248690352853 0.09696910907173291
0 0.5917495707179394 0.6611345367672904 0.06608734188018772 0.062085752609246994
0 0.5651343234055297 0.8754620308330373 0.055259721808438654 0.08532979769589785
0 0.5927684152174215 0.7000234256561793 0.06603882547545036 0.06023390075739515
0 0.482325977115323 0.3140381040173541 0.056932101736689236 0.10947932895064696
0 0.33428666059950857 0.596275774024985 0.06293951971300302 0.1006728127754366
0 0.354199541080139 0.26501751316020944 0.06250287207036796 0.08400614610876994
0 0.2941524915897375 0.4334873161065179 0.05293380645141899 0.07591962407528907
0 0.30787394072139285 0.38180366744852523 0.05908677364194451 0.07266866345563437
0 0.41692496787949707 0.1392534885775059 0.06250287207036796 0.08400614610877005
0 0.5827113134807322 0.5939396698358999 0.07311360435598337 0.09216812532292575
0 0.5294907167064418 0.6261270075519196 0.05695492390387393 0.07066589724243288
0 0.5472431811410812 0.17272198164559685 0.06325344030861117 0.07297049217833376
0 0.4399116914786603 0.7388557629163038 0.06204340226054808 0.10615291115031734
0 0.4987872442773277 0.664566304282078 0.05896691866528533 0.10777839146014474
0 0.4940726140045912 0.5838221057748353 0.06354453873703463 0.08408160328944497
0 0.5871090738896135 0.28558589674473867 0.07117582023686188 0.09757276651713166
0 0.43364733112682075 0.341009443490855 0.06364157154650911 0.08778530699314857
0 0.42959198042358876 0.40448331788603237 0.06591897049879142 0.09534362876190572
0 0.2791596408865055 0.4961688901046095 0.061703787427387385 0.09318994818735439
0 0.31149407981717364 0.34140248402082124 0.06414955776106611 0.06749039380345302
0 0.6307479123219374 0.8996225490696588 0.06739728480809314 0.112085752609247
0 0.40559079762837474 0.22253180448799234 0.06155823821317578 0.08763439263179883
0 0.5063400070293134 0.5163222591954271 0.06642695671334829 0.07504871557220996
0 0.4238229135632886 0.6406525973453088 0.06056508795124624 0.08941078730297586
0 0.591621176728056 0.7951296958941878 0.061315656189489684 0.07837513337253957
0 0.5389199772519149 0.7876154045664049 0.03922376840335602 0.10819655687917483
0 0.3734119601582061 0.661029269566316 0.059474904879842444 0.0874834782704492
0 0.691245815411055 0.47056983527696317 0.07301657154650912 0.08846442161922205
0 0.5502240679620535 0.2071321552662058 0.07323345933264278 0.05705839731841543
0 0.5329652293901315 0.2428486916414332 0.06678939371369358 0.049198246826959065