0 0.6556520067561297 0.43255659147053394 0.061849336641598994 0.09690127727086424
0 0.666495346017023 0.3562642957371595 0.061897853046336354 0.09875312912271621
0 0.4623458345746846 0.2250483958148141 0.039272284808093146 0.10891598896748977
0 0.7225969247324434 0.43903575042621285 0.061752303832124746 0.09319757356716064
0 0.5082690205415725 0.4183067520010692 0.06165527102265026 0.08949386986345695
0 0.4568605315711294 0.8514476731986412 0.06577342128457957 0.08781442733275745
0 0.7073329256976048 0.5053368214606986 0.05288529004668163 0.07248238455448557
0 0.6735828948184531 0.6417719742242377 0.05555082023686187 0.09479081143728396
0 0.3416551011873157 0.6416327286972423 0.06507136945107371 0.10073428796543221
0 0.5005321672190463 0.3363088167313984 0.05530823821317578 0.0855315521780247
0 0.41933922263700807 0.43678526489036973 0.07415527102265027 0.09001109782691369
0 0.559510496967924 0.2497004804714395 0.061946369451073714 0.10060498097456795
0 0.5179978413308142 0.682431929531275 0.04968895147475981 0.10934701227037046
0 0.4122559047432505 0.36955904210522567 0.06514270802299554 0.06374035325868316
0 0.6938012340793466 0.5650917575182706 0.060225473118085425 0.07463595271835394
0 0.4079936413022934 0.3336634426455549 0.0639069757373799 0.05628984352098777
0 0.5987969105342188 0.7558571461252255 0.06359305514177176 0.08402451896847736
0 0.5736699525795192 0.5830114884643612 0.06269693768931693 0.08953697219374493
0 0.5878565384638509 0.8358531455623037 0.06463472180843866 0.08406762129876555
0 0.5663882609612609 0.6425078105402048 0.061703787427387385 0.09134572171530879
0 0.6497315693430026 0.6982542298809866 0.06255138847510508 0.08398141663818937
0 0.44927640763873467 0.5650356199507812 0.06105025199861866 0.10611743419983542
0 0.467946452855709 0.7658961182060074 0.06092752495159163 0.061716092085679165
0 0.43511982409750743 0.15218118698880592 0.054460637165457966 0.09289585725514413
0 0.36460184739496615 0.14307510841135748 0.056932101736689236 0.10779687673053508
0 0.4079851022890689 0.23469712439720103 0.06567638847510521 0.08411072362905359
0 0.5779422682667641 0.3405051005323448 0.05942638847510532 0.08385210964732522
0 0.4757604660887723 0.3882045450888058 0.05814213978475233 0.07454974805777775
0 0.6876468308536371 0.6014183802808221 0.07064213978475233 0.07506697602123462
0 0.3107218938532917 0.5911170490843206 0.07941212076072073 0.09207846133020599
0 0.414628823271944 0.7357300319735796 0.08115583926089348 0.079201703027819
0 0.45030945809429757 0.8036227925276537 0.07432364240404657 0.05672086682386845
0 0.6273015799567716 0.3033156569887645 0.06528825723720738 0.06929590881423882
0 0.49816483843533005 0.4862441632359663 0.06756565618948956 0.07678952088222231