0 0.4903645833333333 0.19790740740740742 0.05044791666666661 0.10331481481481483
0 0.44865625 0.17822222222222223 0.04939583333333329 0.10196296296296296
0 0.49916666666666665 0.07996296296296294 0.04876041666666673 0.09877777777777777
0 0.6099374999999999 0.17164814814814813 0.049125000000000085 0.0870740740740741
0 0.46790625 0.46044444444444443 0.0440520833333333 0.1010185185185185
0 0.5665625 0.34870370370370374 0.04510416666666662 0.09642592592592591
0 0.5444375 0.5680740740740741 0.05560416666666672 0.09751851851851846
0 0.61828125 0.4454444444444445 0.05661458333333324 0.08612962962962967
0 0.42033333333333334 0.47192592592592597 0.04158333333333329 0.0900555555555556
0 0.53478125 0.10914814814814815 0.03851041666666669 0.08996296296296295
0 0.5777708333333333 0.7605555555555555 0.048177083333333336 0.10487037037037036
0 0.43085416666666665 0.6298703703703704 0.028916666666666656 0.1102592592592592
0 0.3773229166666667 0.36592592592592593 0.05063541666666668 0.09972222222222227
0 0.4106875 0.6356111111111111 0.026302083333333334 0.10748148148148141
0 0.46959375 0.6193148148148149 0.04239583333333338 0.12403703703703707
0 0.7106875 0.333037037037037 0.0485104166666666 0.11209259259259265
0 0.60109375 0.3638148148148148 0.04611458333333331 0.0933518518518519
0 0.6373541666666667 0.21672222222222223 0.04315625000000007 0.1022222222222222
0 0.7068229166666666 0.5620740740740741 0.04385416666666657 0.10566666666666656
0 0.29973958333333334 0.7082592592592593 0.054927083333333356 0.090388888888889
0 0.6662291666666668 0.30707407407407405 0.04232291666666678 0.10262962962962965
0 0.3115625 0.5848888888888888 0.04591666666666671 0.08588888888888888
0 0.5670833333333333 0.13390740740740742 0.03549999999999993 0.10303703703703702
0 0.35520833333333335 0.6341111111111112 0.040260416666666646 0.10561111111111106
0 0.6603229166666666 0.5397962962962963 0.029312500000000106 0.10035185185185196
0 0.5892812500000001 0.14657407407407408 0.03514583333333334 0.12192592592592594
0 0.42983333333333335 0.3357222222222222 0.03914583333333337 0.09587037037037034
0 0.4476354166666667 0.5174444444444445 0.0363645833333333 0.09587037037037034
0 0.64 0.6300925925925925 0.05152083333333337 0.11305555555555546
0 0.5014895833333334 0.47618518518518516 0.03273958333333328 0.11640740740740743
0 0.5483645833333333 0.8201111111111111 0.03868750000000005 0.12168518518518526
0 0.6826666666666666 0.5661296296296295 0.024552083333333266 0.12433333333333331
0 0.41219791666666666 0.2367777777777778 0.038687499999999986 0.10846296296296298
0 0.3526770833333333 0.5297592592592593 0.07142708333333339 0.06746296296296286