0 0.5944501291777782 0.8527070916099391 0.07226379191976852 0.11365668949155347
0 0.5330034829012504 0.8176012860826561 0.05625087094717595 0.08305703848715296
0 0.5073363082560188 0.7283802454957231 0.050413036980555624 0.11415051141872612
0 0.5606916363334958 0.742674765414095 0.0614107141589353 0.07967667524170607
0 0.5708771039755097 0.6447411941837076 0.07272357712754646 0.0692769131387603
0 0.5740622811538891 0.6093296706777426 0.06947735182361091 0.059823649604546995
0 0.5716027139047688 0.540908154296701 0.07589706724912043 0.07317462111741828
0 0.5108955419822456 0.5622838302508997 0.057171312309907546 0.07386244731954497
0 0.47965809998622716 0.6049969477870077 0.06780618452365748 0.0911757949027257
0 0.4163350743402318 0.6654555169050493 0.06349404749226852 0.07980601142500905
0 0.4104231987704864 0.572228004798962 0.07395920428050928 0.0841563960452264
0 0.35132701696953733 0.5972103823193873 0.06778193946287038 0.08932394305087385
0 0.31650304787138916 0.5252380212239832 0.06884785119032415 0.09124046299437699
0 0.33597909327423636 0.46008810454789234 0.061507694402083264 0.08708408264911369
0 0.268246079406528 0.42259252979274 0.06141071415893518 0.07967667524170628
0 0.2894300951740974 0.3684567220902831 0.0581887339157871 0.07207526355934461
0 0.30645956680539366 0.3155055126803577 0.06749099873342601 0.06710172082865164
0 0.314792464665139 0.2751410190865061 0.07262659688439825 0.0618695057313529
0 0.3310105977072455 0.23984707036082473 0.06468118452365748 0.09098179062777145
0 0.36014046130914357 0.19541143715616763 0.06431750861185179 0.06320401284999377
0 0.41534835916888896 0.15213687943800375 0.07175464564324088 0.07476780060266452
0 0.43364939007074077 0.07686644566837907 0.0667160277354166 0.08740742310737057
0 0.426033463398565 0.33124916433442236 0.06877511600796306 0.08568490743882143
0 0.43733376836319465 0.2786536294285795 0.06557738082560197 0.07993534760831182
0 0.4771833618915974 0.2567194634555568 0.063784988221713 0.10202823364723117
0 0.4816799497204169 0.5205436842527943 0.06259785119032416 0.09085245444446867
0 0.49445789697229187 0.46136966572799293 0.07277206724912043 0.07298061684246401
0 0.5441786432996529 0.3971221521717897 0.07107665488837966 0.10248091028879087
0 0.6940093633477318 0.41469413287166784 0.08456983143347212 0.09961789177655518
0 0.6577804871446993 0.35485581095077784 0.06267058637268501 0.09640801000002423
0 0.5951943230111806 0.23271296838645794 0.07080995921972241 0.08211053991842056
0 0.5445397063699307 0.18581703678572442 0.07260235182361115 0.0600176538795011
0 0.5655665647159723 0.159491340906871 0.06843568515694448 0.05975898151289561
0 0.5654085363472686 0.10760715500919346 0.07507360612953703 0.0897766196924335