0 0.6666666666666666 0.40216896584085043 0.06145833333333333 0.10005527561252756
0 0.6588541666666666 0.47507468253166224 0.06145833333333333 0.0982034237606757
0 0.5411458333333333 0.7223479745003871 0.057291666666666664 0.10548153439083686
0 0.35989583333333336 0.6778346758012948 0.0625 0.10193945165869085
0 0.4765625 0.4296031337123325 0.057291666666666664 0.07400005290935549
0 0.7145833333333333 0.5481003232236246 0.052083333333333336 0.0738384319377979
0 0.5130208333333334 0.4603641101428651 0.06145833333333333 0.0907960163532683
0 0.4109375 0.3747889316929294 0.06354166666666666 0.06308288696411342
0 0.6640625 0.7307918590587754 0.06041666666666667 0.07965258104784552
0 0.41458333333333336 0.41379095526190857 0.06354166666666666 0.06308288696411342
0 0.5015625 0.3813048403017348 0.05416666666666667 0.10723641365975435
0 0.6880208333333333 0.6750538340464587 0.05625 0.10730106204837726
0 0.4270833333333333 0.19195662337142447 0.05416666666666667 0.09427345069679129
0 0.6203125 0.7933231317865806 0.059375 0.08702766426094147
0 0.725 0.4873124540556286 0.059375 0.09628692352020073
0 0.4796875 0.8824778840730448 0.071875 0.08371185088897586
0 0.459375 0.28092163635804435 0.03854166666666667 0.10675155074508158
0 0.6109375 0.868958139963703 0.0625 0.08342093314017233
0 0.5859375 0.6191082852261525 0.059375 0.09628692352020093
0 0.5588541666666667 0.2969715598777569 0.06041666666666667 0.10187480327006784
0 0.4239583333333333 0.4761189100477492 0.07083333333333333 0.09664248965762735
0 0.7020833333333333 0.6430828032622568 0.07083333333333333 0.0762721192872572
0 0.7020833333333333 0.6032679884474419 0.06041666666666667 0.0722451736404381
0 0.58125 0.6819257893147137 0.0625 0.09453204425128345
0 0.5770833333333333 0.3845742703152455 0.059375 0.08887951611279332
0 0.4083333333333333 0.27933775083678014 0.0625 0.08527278499202419
0 0.4375 0.7756131986478729 0.06770833333333333 0.09469366522284094
0 0.6255208333333333 0.3490403083136938 0.058333333333333334 0.09069904377033372
0 0.5057291666666667 0.5286563593012031 0.06458333333333334 0.07237447041768434
0 0.36614583333333334 0.18821380615234903 0.06354166666666666 0.10382362770485416
0 0.3265625 0.6258743756574005 0.075 0.08380882347191042
0 0.49322916666666666 0.7958610615620574 0.06979166666666667 0.07623979509294554
0 0.47552083333333334 0.8388300687772803 0.07395833333333333 0.046739462240561934
0 0.47239583333333335 0.6026219850832346 0.07604166666666666 0.07828559211066653