0 0.49094791666666665 0.21607407407407409 0.046604166666666676 0.09751851851851849
0 0.5766354166666667 0.763425925925926 0.046875 0.09879629629629634
0 0.42490625000000004 0.4822592592592593 0.051156250000000014 0.0841481481481481
0 0.6185208333333333 0.45740740740740743 0.051937499999999893 0.07364814814814812
0 0.4710729166666667 0.47053703703703703 0.041645833333333354 0.09937037037037041
0 0.4518333333333333 0.1933703703703704 0.04705208333333329 0.09648148148148147
0 0.6344270833333333 0.23190740740740742 0.03519791666666663 0.09775925925925924
0 0.5372395833333333 0.12461111111111112 0.035635416666666704 0.08298148148148149
0 0.6083645833333333 0.18633333333333335 0.04597916666666677 0.08566666666666665
0 0.7069479166666667 0.34196296296296297 0.03676041666666663 0.0992407407407407
0 0.4497291666666667 0.5331851851851852 0.03314583333333339 0.08937037037037035
0 0.3610208333333333 0.5387407407407407 0.062156249999999955 0.07174074074074076
0 0.5665 0.3589259259259259 0.04433333333333327 0.09275925925925932
0 0.4141458333333333 0.6408333333333334 0.02687499999999995 0.10520370370370381
0 0.5037916666666666 0.09896296296296296 0.045968749999999996 0.09609259259259258
0 0.7050625 0.5723703703703703 0.043979166666666694 0.11288888888888896
0 0.6637187499999999 0.3188518518518519 0.03767708333333341 0.09500000000000001
0 0.31444791666666666 0.5929814814814814 0.04402083333333332 0.08544444444444442
0 0.5649166666666667 0.15364814814814814 0.02893749999999997 0.09755555555555556
0 0.38901041666666664 0.3773518518518519 0.0417083333333333 0.09538888888888887
0 0.43459375 0.637962962962963 0.026291666666666675 0.10574074074074079
0 0.4160625 0.26433333333333336 0.04030208333333327 0.09457407407407406
0 0.3050104166666667 0.7103148148148148 0.05385416666666672 0.08690740740740731
0 0.46998958333333335 0.6236296296296296 0.039249999999999945 0.11672222222222217
0 0.5461562499999999 0.5739074074074074 0.05139583333333331 0.10127777777777767
0 0.3621770833333333 0.6352407407407407 0.037114583333333326 0.09661111111111104
0 0.5888229166666666 0.15803703703703703 0.03071875000000001 0.1125
0 0.6605104166666667 0.5487407407407408 0.029302083333333447 0.1014629629629629
0 0.6384375 0.6442222222222223 0.04326041666666664 0.11125925925925934
0 0.43238541666666663 0.355 0.03545833333333329 0.07309259259259264
0 0.6004479166666666 0.36442592592592593 0.037197916666666705 0.10714814814814817
0 0.6781979166666667 0.5707592592592592 0.021572916666666705 0.12301851851851843
0 0.5453854166666667 0.8154814814814815 0.04613541666666663 0.13359259259259257
0 0.5018645833333334 0.49603703703703705 0.027531249999999948 0.11375925925925921