0 0.4630208333333333 0.19859485859149498 0.059375 0.1166572938905711
0 0.421875 0.18968647908161457 0.058333333333333334 0.11477311784440773
0 0.46510416666666665 0.4568635435362053 0.052083333333333336 0.1127273208266868
0 0.44479166666666664 0.6371234949549094 0.040625 0.11607545839296386
0 0.6125 0.3985859663374223 0.0625 0.100087599806839
0 0.48020833333333335 0.6147281760520217 0.053125 0.13313001539136882
0 0.609375 0.16905330929072726 0.04791666666666667 0.11259802404944076
0 0.3171875 0.6262683939432552 0.04583333333333333 0.07364448677192875
0 0.6005208333333333 0.7202539908683011 0.059375 0.12036099759427502
0 0.4244791666666667 0.6479390019291691 0.035416666666666666 0.11221013371770268
0 0.646875 0.24659334199921645 0.046875 0.11071384800327735
0 0.5786458333333333 0.13389576191180577 0.05520833333333333 0.10171318229851026
0 0.359375 0.5638481529625277 0.058333333333333334 0.08699534006663001
0 0.4192708333333333 0.48143395623406005 0.057291666666666664 0.10548153439083686
0 0.7098958333333333 0.4835266171322587 0.05 0.11821822799361943
0 0.5354166666666667 0.11116314190165955 0.04583333333333333 0.1106815238089659
0 0.49947916666666664 0.09561165993874013 0.042708333333333334 0.09947344011492024
0 0.46197916666666666 0.07733088648951018 0.057291666666666664 0.11288894179824441
0 0.3697916666666667 0.6644508369453385 0.052083333333333336 0.12198658008594605
0 0.6916666666666667 0.25631451275493244 0.053125 0.11831520057655391
0 0.36770833333333336 0.3904414112598874 0.05520833333333333 0.10912058970591766
0 0.5510416666666667 0.320863464172172 0.05416666666666667 0.11279196921530991
0 0.44947916666666665 0.5175335916360633 0.04583333333333333 0.11808893121637319
0 0.6609375 0.4767125209315666 0.0375 0.11042293025447374
0 0.41770833333333335 0.3462972573403421 0.052083333333333336 0.1127273208266868
0 0.5505208333333333 0.5412499966396981 0.06354166666666666 0.11493473881596528
0 0.5536458333333333 0.11337524627898585 0.042708333333333334 0.127251217892698
0 0.6489583333333333 0.5715286936105934 0.05520833333333333 0.13134281192813987
0 0.3203125 0.7382084583973576 0.06875 0.12805932275048573
0 0.5703125 0.7767469480588906 0.058333333333333334 0.12773608080737076
0 0.39010416666666664 0.2684501447858935 0.041666666666666664 0.10684852332801616
0 0.49947916666666664 0.46598203030911045 0.042708333333333334 0.12169566233714253
0 0.6828125 0.49362630544361735 0.0375 0.13634885618039966
0 0.5880208333333333 0.31693817749633546 0.052083333333333336 0.11643102453039049