0 0.44892708333333337 0.1855 0.04994791666666672 0.10081481481481482
0 0.4689479166666667 0.4630370370370371 0.04158333333333329 0.09724074074074078
0 0.48801041666666667 0.20914814814814814 0.048729166666666636 0.09892592592592596
0 0.5766249999999999 0.7616296296296295 0.047677083333333314 0.10600000000000001
0 0.43200000000000005 0.6355740740740741 0.028989583333333378 0.10333333333333325
0 0.6090729166666667 0.1794074074074074 0.047010416666666784 0.08655555555555557
0 0.7060833333333334 0.5665555555555556 0.03877083333333336 0.11042592592592591
0 0.44765625 0.520962962962963 0.03817708333333331 0.10174074074074069
0 0.42235416666666664 0.47590740740740745 0.047343750000000046 0.09098148148148147
0 0.6355729166666666 0.22405555555555554 0.04041666666666662 0.10153703703703706
0 0.4992395833333333 0.09037037037037036 0.0433958333333333 0.09579629629629628
0 0.5339479166666667 0.11698148148148148 0.035031250000000055 0.08827777777777777
0 0.66559375 0.311 0.03852083333333335 0.09587037037037034
0 0.4696770833333333 0.6229074074074075 0.04226041666666672 0.11772222222222231
0 0.5668229166666666 0.14316666666666666 0.03527083333333323 0.09761111111111112
0 0.7089583333333334 0.3372037037037037 0.04277083333333328 0.1021666666666667
0 0.41130208333333335 0.6394074074074073 0.0234375 0.10420370370370367
0 0.54359375 0.5730925925925926 0.05414583333333335 0.10190740740740736
0 0.6176666666666667 0.44611111111111107 0.05616666666666674 0.09231481481481481
0 0.35607291666666663 0.6384629629629629 0.037947916666666616 0.10037037037037046
0 0.30134375 0.7154259259259259 0.055916666666666615 0.0838518518518518
0 0.56478125 0.35598148148148145 0.04466666666666678 0.0999814814814815
0 0.3794583333333333 0.3663518518518519 0.047343750000000046 0.09744444444444446
0 0.43334374999999997 0.3345925925925926 0.043875000000000004 0.08933333333333335
0 0.6386875 0.6345555555555557 0.04439583333333322 0.11805555555555555
0 0.6597604166666666 0.5422037037037037 0.028156249999999973 0.10227777777777781
0 0.5865833333333333 0.15059259259259258 0.030343750000000114 0.11574074074074074
0 0.6042083333333333 0.36812962962962964 0.043635416666666774 0.10112962962962965
0 0.3125 0.578037037037037 0.03273958333333328 0.07672222222222214
0 0.5457604166666666 0.8121666666666667 0.040927083333333295 0.12698148148148158
0 0.6811770833333333 0.577388888888889 0.021572916666666705 0.12037037037037036
0 0.41071875 0.24537037037037038 0.041666666666666664 0.10979629629629631
0 0.49777083333333333 0.489425925925926 0.03273958333333328 0.1216851851851852
0 0.35565625 0.5403518518518519 0.06547916666666669 0.08068518518518528