0 0.48987499999999995 0.2009074074074074 0.04954166666666661 0.10016666666666667
0 0.44894791666666667 0.18303703703703705 0.04972916666666668 0.1004259259259259
0 0.42266666666666663 0.47031481481481474 0.05154166666666669 0.08770370370370367
0 0.43164583333333334 0.6306666666666667 0.03129166666666663 0.11096296296296289
0 0.3056770833333333 0.5809074074074074 0.043979166666666694 0.07855555555555548
0 0.4681666666666667 0.4605925925925926 0.04348958333333333 0.10168518518518523
0 0.5788125 0.7604814814814815 0.050333333333333265 0.10581481481481479
0 0.49994791666666666 0.08453703703703704 0.04733333333333327 0.0982777777777778
0 0.35963541666666665 0.5305185185185185 0.06327083333333335 0.07107407407407407
0 0.47089583333333335 0.6201296296296296 0.045125000000000054 0.12305555555555564
0 0.5674166666666667 0.13914814814814816 0.037343749999999905 0.09803703703703703
0 0.5661875 0.3506666666666667 0.045885416666666616 0.1006666666666667
0 0.6172395833333333 0.44959259259259254 0.05794791666666678 0.08075925925925923
0 0.4109166666666667 0.6363148148148149 0.02557291666666662 0.10864814814814808
0 0.6358750000000001 0.2190925925925926 0.04213541666666672 0.10235185185185185
0 0.7044374999999999 0.5667592592592593 0.03856249999999998 0.11429629629629634
0 0.6654791666666667 0.3050185185185185 0.04061458333333334 0.0971111111111111
0 0.6098958333333333 0.17407407407407408 0.04486458333333327 0.0952037037037037
0 0.5999895833333333 0.36725925925925923 0.0483645833333334 0.09953703703703703
0 0.5349166666666666 0.11292592592592593 0.03714583333333336 0.0877962962962963
0 0.35476041666666663 0.6359444444444445 0.04258333333333333 0.10701851851851846
0 0.7064374999999999 0.3347777777777778 0.05202083333333339 0.11118518518518522
0 0.3781041666666667 0.36677777777777776 0.0518645833333333 0.0999814814814815
0 0.5454791666666666 0.5694814814814815 0.055166666666666704 0.09770370370370368
0 0.429875 0.33714814814814814 0.04441666666666665 0.09742592592592596
0 0.44768749999999996 0.5151111111111112 0.037843750000000044 0.1040555555555555
0 0.6594374999999999 0.541537037037037 0.029302083333333447 0.10349999999999998
0 0.636625 0.6306296296296297 0.06009375000000006 0.11679629629629638
0 0.30282291666666666 0.6990740740740741 0.055062500000000014 0.10979629629629623
0 0.5457604166666666 0.8121666666666667 0.040927083333333295 0.12168518518518526
0 0.6785729166666666 0.5707592592592592 0.03125 0.1256666666666667
0 0.5878020833333333 0.14285185185185184 0.025302083333333295 0.11905555555555554
0 0.4144375 0.24801851851851853 0.041666666666666664 0.09127777777777779
0 0.5 0.4874259259259259 0.028270833333333318 0.11242592592592594