0 0.6866085939075234 0.41386128156690716 0.06380923328250011 0.1032330031376129
0 0.5293411723016438 0.4238495246484181 0.06257360612953704 0.08836430493717115
0 0.47079870763650467 0.1322339579493849 0.05530618452365748 0.08983897308963486
0 0.5255771619794911 0.6936711527922508 0.06087819376879627 0.11788616779554693
0 0.6777817206167595 0.6950634377499852 0.056469076494259224 0.09915211573452114
0 0.7368155478713891 0.5066991328128141 0.06373649810013901 0.09767744758205733
0 0.3527804141959957 0.5923497845426876 0.06589256661583344 0.10334076990886674
0 0.6708268719595836 0.4823160083295298 0.06274332155504633 0.10132726790013412
0 0.5804239967689587 0.8622463381143896 0.06366376291777792 0.09212189202650178
0 0.600275405140417 0.7861686704018519 0.060490272796203705 0.0882565381659173
0 0.7188656348773613 0.568780144865209 0.05411904749226863 0.07867397859289693
0 0.45291637487185227 0.8364127037534616 0.06780618452365748 0.09048557371715762
0 0.7008187416401855 0.6234537495101967 0.06036904749226864 0.07899727890665804
0 0.5266755220358336 0.33967109046759913 0.055451654888379664 0.10095008420074597
0 0.4361106992142131 0.3091468181391392 0.062209930217731586 0.060586527159393375
0 0.6502143570148615 0.7391108817545037 0.06148344934129639 0.08460671784784053
0 0.44009683434574093 0.41456766523062755 0.0730387629177778 0.09260684249714367
0 0.49128353590354185 0.3831967339383932 0.05305313576481486 0.07676824335541815
0 0.43712855629368075 0.3470828394092887 0.0643417536726389 0.06439799763435093
0 0.5752377311284725 0.6651588243562344 0.06158042958444459 0.09201412525524794
0 0.5904345233024076 0.2733673575957695 0.06276756661583344 0.10317911975198597
0 0.5848300657283798 0.6016570275370026 0.06158042958444459 0.09201412525524794
0 0.4642868021773151 0.5504462094766865 0.06812137031388896 0.11455964779123148
0 0.4183824755559725 0.7066285489192269 0.07342668389037049 0.1222364721267733
0 0.4110721542550927 0.10845345907826527 0.07231228204134273 0.11662703318559088
0 0.597327452886852 0.3619598878637105 0.06468118452365748 0.09032392356027674
0 0.4980162597513427 0.22070168812352767 0.04719105673740742 0.10607457267128645
0 0.5114276268987966 0.48870831447859076 0.06552889070402775 0.07556299213108897
0 0.6960104518098383 0.6542787219938867 0.07076146909814819 0.07768426091107501
0 0.46959429312173645 0.756792982494101 0.06019933206675934 0.06603431594369509
0 0.4390772353719214 0.217264617929965 0.07192436106875005 0.08699740355596125
0 0.3264837389174771 0.5344106682312869 0.07093118452365749 0.09064722387403798
0 0.4522981258217828 0.7891904815312393 0.06744250861185191 0.06270779593937985
0 0.653855835612315 0.340504724828527 0.060490272796203705 0.08825653816591741