0 0.3096376032711124 0.3123674887045567 0.061499636665017 0.10801073790632126
0 0.3233570518613457 0.4245122633306855 0.04752123850432509 0.09305586422568715
0 0.36710040780881104 0.47772637834428483 0.07356290517099164 0.09332520819841647
0 0.3703205830690102 0.3750132431199622 0.051851679481251266 0.09865451481687938
0 0.4150849540173002 0.3745505888271309 0.035567152871856675 0.11144509763729554
0 0.4425253463737074 0.3692805378826685 0.03057718528553603 0.11879863625015712
0 0.4802710078390967 0.3780017265367322 0.043131776722289315 0.12077977320891899
0 0.4640299992455642 0.48058018977469025 0.03408875471116465 0.09661950906357156
0 0.4412704628366223 0.5386603397736579 0.05711460425133777 0.10056023546327719
0 0.4046077713695835 0.6373250110091832 0.05316630333168367 0.10792454783504792
0 0.4578124438405349 0.658239456204467 0.04093926051544964 0.11705452198739695
0 0.4375161661380203 0.746891322397354 0.041598787124843994 0.10410233278334326
0 0.4797493988380605 0.8195283343375794 0.04713466907869635 0.1152673126890001
0 0.5180476187235162 0.7940064243707479 0.044723787124844 0.10413465406007087
0 0.5350558416240091 0.9117390758291596 0.040557120458177325 0.10409155902443398
0 0.5686665615094647 0.8861686839472365 0.034307120458177326 0.10402691647097898
0 0.5954245609064572 0.857750484854626 0.03540337856159728 0.10588954208174009
0 0.6196580661077346 0.8496703348556583 0.030959325342808104 0.13176159921312008
0 0.6368772911944677 0.8155996163773096 0.04598381953852358 0.11155283522638734
0 0.662650430045725 0.7714352896645039 0.04302259384878297 0.11707606950521528
0 0.6856054658516595 0.6846622097207417 0.04362752902142428 0.10227202844930974
0 0.7342111695302755 0.6555443336392978 0.03584011005562265 0.1207043568965547
0 0.5872269866567692 0.6503215299294003 0.045874636665017 0.10784913152268363
0 0.6231121099041943 0.631254167046777 0.04505133574536302 0.11524576517118199
0 0.6348271781238081 0.5517699831624213 0.05629130333168367 0.10795686911177553
0 0.6465555344484912 0.3667625649992375 0.04373228252657408 0.14115014357928946
0 0.5556487185280123 0.4269148115674319 0.05398517488298135 0.1357023256128257
0 0.5229616236990041 0.5191410963571124 0.03989759384878286 0.11704374822848788
0 0.48784520993447983 0.5289599737393856 0.04521511005562265 0.12080132072673733
0 0.5471258103419835 0.19078753981795699 0.04554265867614144 0.13191243183784854
0 0.5801522467206397 0.23370873205727946 0.049932120458177326 0.10418852285461666
0 0.6720652943609333 0.45496255065820235 0.03255133574536302 0.11511648006427175
0 0.6896688741891168 0.4162675894296786 0.03090473390605505 0.12990974736126823
0 0.7129676809130555 0.42946757508864347 0.03786885195220293 0.11887405256252129