0 0.3282344014688991 0.4004202640959182 0.05984880355408938 0.09621400572507018
0 0.4854144117618366 0.4156877163023848 0.05752299498543512 0.0812698547269526
0 0.3439391827655919 0.4680334293313173 0.05877682748300757 0.09429748578156684
0 0.6602597333945184 0.5864989626613877 0.06291318474525909 0.09270430629632073
0 0.5795599996918543 0.3384742896199868 0.060284282132453626 0.05924163677968442
0 0.3354910617132868 0.6845178531260491 0.052466208674177395 0.09020577352795482
0 0.5589310038263204 0.8300674769552147 0.06472373343885636 0.07616697581295663
0 0.5165487476024524 0.37482645061812864 0.059515400105523024 0.0758436353546998
0 0.4897948099320304 0.33292463439089476 0.05454954200751061 0.0903351097112577
0 0.36175447545479056 0.7283038552509604 0.05957601891435331 0.07954733905840351
0 0.2781873716896551 0.4962139272252543 0.05654194712759863 0.08490889033900481
0 0.29531826066647987 0.5553967569898431 0.05213280522561092 0.06983540315758445
0 0.4125879840762064 0.77612571277762 0.05639040010552302 0.07564963107974555
0 0.5754579596196729 0.40639022267083635 0.0690116377231836 0.08383305558696959
0 0.31240368553668196 0.6118018089766539 0.05734113855894438 0.07015874361584148
0 0.4299765029905597 0.8510492832829494 0.0596366377231836 0.08325104276210722
0 0.581052299639093 0.30223384232557293 0.060102425705963 0.04813052566857331
0 0.5521194034042284 0.5413079242496286 0.06101170783841638 0.10368608122412887
0 0.4855971446287397 0.6816871294097311 0.05586399331391334 0.10706644446957575
0 0.5768417345384248 0.20424736440655325 0.058443424034441215 0.07392711541119652
0 0.6168716933666748 0.10166064074049785 0.050655659980580005 0.10674310401131877
0 0.4309718291101913 0.5933185354172851 0.05865558986534699 0.08689007837415944
0 0.42559190982650724 0.2646148317135813 0.058716208674177275 0.09059378207786324
0 0.4110221655227602 0.3619134834304741 0.05237528046093196 0.08465021797239937
0 0.5923472498015893 0.7056465396168454 0.06907225653201389 0.08753675929067328
0 0.5424932233653885 0.7495236828026783 0.05921230606137182 0.05732511683618129
0 0.3176670642205693 0.646695987749408 0.06656459153686876 0.0614814971814448
0 0.44097775314463245 0.6631392270086186 0.05966694712759863 0.08510289461395906
0 0.5396615489574048 0.1305524876426001 0.04471990094128391 0.06197531910861745
0 0.6864186298931905 0.5283361107969703 0.07415935224768665 0.08045269234152291
0 0.563411911453691 0.7852996920525134 0.06944711630154785 0.046860686641584035
0 0.3593894654699987 0.3289711088102808 0.06377299498543512 0.0816578632768609
0 0.5023937537165857 0.46561128680771424 0.07079187701236572 0.06544387325175384
0 0.5216788653117141 0.2104525510418544 0.04985646854923438 0.1214932507344822