0 0.48932291666666666 0.2000925925925926 0.049354166666666664 0.09974074074074071
0 0.44746874999999997 0.17846296296296296 0.05006250000000006 0.10079629629629631
0 0.35403125 0.5381666666666667 0.05855208333333337 0.056722222222222216
0 0.4995 0.08144444444444444 0.04647916666666667 0.09940740740740739
0 0.4679479166666667 0.4609814814814815 0.04441666666666665 0.1007407407407407
0 0.7065416666666666 0.5623148148148148 0.043739583333333346 0.1080555555555556
0 0.53521875 0.11027777777777777 0.03685416666666672 0.08690740740740742
0 0.6088645833333334 0.17314814814814813 0.048708333333333326 0.08894444444444445
0 0.578375 0.7607962962962963 0.05151041666666671 0.10570370370370379
0 0.4205833333333333 0.47220370370370374 0.04402083333333332 0.08948148148148152
0 0.4696875 0.6189444444444445 0.04342708333333339 0.12238888888888895
0 0.3774375 0.3656481481481481 0.051125000000000045 0.10059259259259258
0 0.6171666666666666 0.4498333333333333 0.057052083333333316 0.0765185185185185
0 0.43128124999999995 0.6297592592592592 0.029739583333333285 0.10890740740740752
0 0.5676666666666667 0.13514814814814816 0.03689583333333341 0.09955555555555554
0 0.41059375000000004 0.636037037037037 0.02634374999999996 0.10724074074074068
0 0.666125 0.308 0.041322916666666744 0.1037037037037037
0 0.5665520833333333 0.34909259259259257 0.04498958333333339 0.10096296296296293
0 0.7105833333333333 0.32987037037037037 0.0418854166666667 0.10562962962962967
0 0.5996145833333333 0.3631111111111111 0.04556250000000001 0.10083333333333332
0 0.6387916666666666 0.21700000000000003 0.04208333333333343 0.1021666666666667
0 0.5449375 0.5684259259259259 0.054562500000000055 0.09603703703703706
0 0.6599270833333333 0.5408888888888889 0.029375000000000047 0.10188888888888885
0 0.3108541666666667 0.5845740740740741 0.048416666666666684 0.08640740740740735
0 0.29912500000000003 0.7095185185185185 0.05671875000000005 0.08861111111111115
0 0.35484374999999996 0.6342407407407408 0.04120833333333328 0.10725925925925918
0 0.43016666666666664 0.3353148148148148 0.041875000000000044 0.09540740740740737
0 0.44764583333333335 0.5180370370370371 0.03628125000000004 0.09614814814814812
0 0.587625 0.14737037037037037 0.035947916666666656 0.11898148148148148
0 0.546875 0.8148148148148148 0.04464583333333329 0.13227777777777788
0 0.6380208333333334 0.6342592592592593 0.037947916666666734 0.13624074074074063
0 0.6793125 0.5720925925925926 0.025302083333333295 0.1256666666666667
0 0.4140625 0.24735185185185185 0.03347916666666665 0.10846296296296296
0 0.50446875 0.4808148148148148 0.037197916666666705 0.11242592592592594