0 0.48806409457445704 0.8312534107065725 0.0588391245119053 0.117037650719404
0 0.44508959589256786 0.8392330488196781 0.057755013181108934 0.11511034168687734
0 0.4913226087441492 0.9475161323748837 0.05767012385284976 0.10496773525023244
0 0.6059404341688172 0.8924823927199318 0.05637378920140558 0.1002200696913877
0 0.477307007603925 0.5660990385787209 0.0525466798477756 0.11473305578350323
0 0.5709455787571263 0.7041452947789131 0.05346101252205339 0.10925295740862229
0 0.5585605523949082 0.4813948722919669 0.06396256851697947 0.1137112329190746
0 0.6268268465392296 0.624073909047107 0.06370790053220171 0.10260012180796349
0 0.4304435049677032 0.5405189718164686 0.05020867852966475 0.10347103031104249
0 0.5283344951066589 0.932155745949352 0.04704123386553505 0.10139280691716597
0 0.6007126973127451 0.30141938349866376 0.0578399025093681 0.11881404539058103
0 0.4482747645116136 0.38836214031659905 0.039132347173497804 0.11930766799028594
0 0.3826506275024421 0.6331933234403728 0.05983834651444227 0.11526125604822697
0 0.42877048552556746 0.3767809972889294 0.035922457845238634 0.11537759274455768
0 0.4867200444862429 0.40963484592974897 0.054055237819867825 0.13517888333454842
0 0.7142154176924308 0.7616674221632501 0.05905134783255335 0.12629690997866327
0 0.6062136890993394 0.7002293574403758 0.05441778986046112 0.10562471088559362
0 0.6357782628887623 0.8558194906609504 0.05150501318110893 0.11465759860282822
0 0.720453057337824 0.5347196733728955 0.05367323584270167 0.11851221666788156
0 0.32135502965749524 0.2728635257444748 0.06379278986046101 0.10630382551166709
0 0.6682220306708657 0.7740503183639608 0.05150501318110893 0.11465759860282822
0 0.32734504448624285 0.3980898972864993 0.05320634453727588 0.0981418462975114
0 0.5617854374640944 0.9170155117286916 0.04525501318110893 0.1142048555187793
0 0.37330748420745663 0.361670655602052 0.05050579117857197 0.11643399327400535
0 0.6733331143213331 0.5433234086892276 0.03783601252205339 0.10812109969849981
0 0.5840114921409094 0.9112304337057933 0.04672112648907169 0.13279883121797265
0 0.43358441011329324 0.6775560088535055 0.04821023452459059 0.10702381965339657
0 0.45976050035431515 0.5038183411671499 0.04508523452459059 0.10679744811137189
0 0.6571271587827886 0.44878621823159887 0.061177125830016145 0.12829967619186475
0 0.5120118399486752 0.5602935207979945 0.04238468116588656 0.12508959508786574
0 0.5742059117361445 0.233867670421727 0.04984612648907169 0.13302520275999719
0 0.6968033340171761 0.5237626275484525 0.03626201515827532 0.1301924075593724
0 0.41179075465056925 0.7702649381424289 0.048507347173497806 0.11998678261635931
0 0.3657885520653805 0.4646575160893448 0.0779092318883689 0.0869898556707444