0 0.5161466499103274 0.7850703082255139 0.05554434585538696 0.10665451616096906
0 0.5698889163495325 0.21980233151806688 0.05662845718618333 0.1085279162599859
0 0.5328831637504918 0.9014460735554535 0.05233445652712767 0.10288616771577053
0 0.363661001672426 0.4751133257420645 0.061944674575331975 0.06791646500223494
0 0.4776995975402066 0.8127302193460522 0.054417789860461 0.10292926421010028
0 0.5686836047898165 0.8719881812009758 0.041748011203942545 0.0952632778367133
0 0.5819157984529693 0.6308595720112656 0.05037845718618309 0.10839862677699612
0 0.5976071008354839 0.8380407228234409 0.039792011862998085 0.1007757368979389
0 0.727706687122173 0.6259909655563176 0.048337568516979464 0.110207382134518
0 0.47082887913768706 0.3765544634934462 0.04767790382747918 0.1268525005540197
0 0.6830308570841168 0.6547060920857717 0.044001123193794456 0.10271378173845068
0 0.4796025642579063 0.5320022778131769 0.04929434585538684 0.10652522667797917
0 0.6351902641820859 0.34073165891039076 0.055799013840164474 0.11776562727208018
0 0.6586330349547261 0.749700016832923 0.04512767918872029 0.10643903368931946
0 0.3987310214440895 0.6411335449937821 0.054417789860461 0.10292926421010049
0 0.5498452170844086 0.41382723384496223 0.05854201186299809 0.10116360534690845
0 0.6322703979207673 0.5316232373812863 0.0628784571861831 0.10865720574297567
0 0.6189701294796085 0.6106393906688822 0.05233445652712779 0.10288616771577053
0 0.7094439377688349 0.39755661494217615 0.04525501318110893 0.11199458924487501
0 0.4315966004811687 0.36995511535472525 0.03267012385284976 0.10803230657519154
0 0.6652252740679176 0.4234831895702699 0.035837568516979466 0.10994880316853824
0 0.4366307009623374 0.7487342379235064 0.04508523452459059 0.10458718183746761
0 0.4112204334849743 0.36759752839666443 0.03488079117857197 0.11363095862507706
0 0.5107579499613606 0.5044932044227934 0.03921723650175698 0.1211245590211444
0 0.5353883547526355 0.16956594950142004 0.054267461140515866 0.14179660485182438
0 0.682754103776446 0.39255053968932735 0.033924013840164476 0.11731311408161578
0 0.635257429555429 0.798354548789448 0.04587223320647974 0.09349761897352159
0 0.6189824898342152 0.8385249096824848 0.036346904486534486 0.13217102539076045