0 0.34709375 0.5218333333333334 0.06176041666666663 0.08068518518518528
0 0.4036458333333333 0.46825925925925926 0.057291666666666664 0.10581481481481479
0 0.4032708333333333 0.6190555555555556 0.026781250000000038 0.11640740740740743
0 0.42559375 0.6177222222222222 0.026781250000000038 0.11640740740740743
0 0.45907291666666666 0.6071481481481482 0.028270833333333318 0.12962962962962962
0 0.3776041666666667 0.3492037037037037 0.04240625000000004 0.10053703703703708
0 0.405875 0.23279629629629625 0.04389583333333332 0.09259259259259256
0 0.4233645833333333 0.33266666666666667 0.043156249999999945 0.11242592592592589
0 0.44344791666666666 0.16072222222222224 0.04464583333333335 0.10450000000000001
0 0.48251041666666666 0.18716666666666665 0.039437500000000014 0.10450000000000001
0 0.4970208333333333 0.06612962962962964 0.037197916666666705 0.10581481481481482
0 0.5282708333333334 0.09061111111111111 0.04017708333333333 0.0939074074074074
0 0.5572916666666666 0.1302962962962963 0.03571874999999996 0.10979629629629628
0 0.5833333333333334 0.12301851851851853 0.026781250000000038 0.13492592592592595
0 0.6037916666666666 0.1574074074074074 0.037947916666666734 0.0978888888888889
0 0.6305833333333334 0.20568518518518517 0.03496874999999993 0.10450000000000001
0 0.6584791666666666 0.2962962962962963 0.03125 0.09788888888888891
0 0.5543125 0.2427222222222222 0.041666666666666664 0.09655555555555553
0 0.5606354166666667 0.3353148148148148 0.0453854166666666 0.09655555555555553
0 0.5956145833333333 0.3498703703703704 0.03347916666666677 0.11507407407407405
0 0.6145833333333334 0.42592592592592593 0.041666666666666664 0.1111111111111111
0 0.4620520833333333 0.4523888888888889 0.041666666666666664 0.10316666666666663
0 0.4936770833333333 0.4695740740740741 0.036458333333333336 0.11640740740740743
0 0.5386875 0.5621666666666667 0.04315625000000001 0.14020370370370377
0 0.5364583333333334 0.8029074074074074 0.04761458333333337 0.13492592592592595
0 0.5695729166666667 0.7579444444444445 0.037947916666666734 0.1111111111111111
0 0.6320729166666667 0.6190555555555556 0.0453854166666666 0.13492592592592595
0 0.6532708333333334 0.5238148148148148 0.029760416666666602 0.12433333333333331
0 0.6774583333333334 0.5635 0.018604166666666564 0.12698148148148158
0 0.6960520833333333 0.5423333333333333 0.03347916666666677 0.13757407407407407
0 0.7075937499999999 0.31548148148148153 0.03422916666666656 0.11507407407407405