0 0.45096875000000003 0.5629814814814814 0.046083333333333344 0.08118518518518525
0 0.6016875 0.18064814814814814 0.04547916666666675 0.08953703703703703
0 0.4845520833333333 0.21094444444444443 0.048927083333333364 0.09812962962962965
0 0.5380416666666666 0.5698518518518519 0.050885416666666634 0.09233333333333336
0 0.4444895833333333 0.18601851851851853 0.04701041666666666 0.09388888888888892
0 0.6575416666666667 0.3094074074074074 0.04013541666666664 0.0897037037037037
0 0.42704166666666665 0.3466851851851852 0.05151041666666671 0.10248148148148144
0 0.6277083333333333 0.22805555555555557 0.03811458333333325 0.09377777777777775
0 0.6952395833333332 0.565037037037037 0.040364583333333336 0.11435185185185186
0 0.46512499999999996 0.6187222222222223 0.03851041666666669 0.10762962962962964
0 0.6133958333333334 0.4438333333333333 0.05555208333333326 0.09198148148148151
0 0.35298958333333336 0.5414444444444444 0.058760416666666634 0.05994444444444445
0 0.59396875 0.36262962962962964 0.04130208333333343 0.10472222222222224
0 0.5522395833333333 0.26451851851851854 0.05012499999999995 0.08859259259259257
0 0.4616354166666667 0.46485185185185185 0.04146875000000006 0.10109259259259254
0 0.42363541666666665 0.5378333333333334 0.030854166666666672 0.09401851851851849
0 0.3758958333333334 0.3669259259259259 0.04345833333333336 0.09951851851851853
0 0.70175 0.3358703703703704 0.04548958333333341 0.10255555555555555
0 0.5709270833333334 0.754925925925926 0.05175000000000007 0.1008148148148147
0 0.5582812500000001 0.1484074074074074 0.03111458333333322 0.09474074074074074
0 0.5557291666666667 0.3548148148148148 0.042177083333333344 0.10585185185185189
0 0.41267708333333336 0.4810185185185185 0.05206250000000002 0.10679629629629628
0 0.49021875000000004 0.09724074074074074 0.04274999999999996 0.09135185185185185
0 0.62928125 0.6299444444444445 0.04318750000000004 0.11081481481481488
0 0.5290729166666667 0.1197037037037037 0.0345 0.08729629629629632
0 0.6517395833333333 0.5423703703703704 0.031729166666666704 0.10472222222222213
0 0.4981145833333333 0.487462962962963 0.03513541666666668 0.10785185185185187
0 0.6052395833333333 0.5615370370370371 0.04308333333333323 0.09048148148148151
0 0.42611458333333335 0.6314814814814815 0.02592708333333332 0.10007407407407401
0 0.41001041666666665 0.2565 0.03970833333333334 0.09466666666666668
0 0.4069895833333333 0.6322777777777778 0.026781250000000038 0.12433333333333331
0 0.5390625 0.807537037037037 0.04389583333333338 0.14683333333333326
0 0.6711354166666667 0.5714259259259259 0.019343749999999934 0.09524074074074065
0 0.5811041666666666 0.14351851851851852 0.026781250000000038 0.11772222222222221