0 0.6615020332454397 0.48950327212006123 0.06383347834328722 0.10702693502382393
0 0.3579263222529395 0.6979530805348289 0.06591681167662043 0.10719943779622301
0 0.6687582032681016 0.4131689285854066 0.06586832155504634 0.1034957340925193
0 0.622351191743981 0.8116138506823768 0.06254936106874993 0.08842216511910587
0 0.5881234040030553 0.6382246817950227 0.06366376291777792 0.09406397206086096
0 0.7173879218600461 0.5617965652605285 0.05625087094717595 0.08420095309820512
0 0.7287137783062266 0.4932146346780794 0.06061149810013878 0.0993607734578179
0 0.6119336541301384 0.8904672178362105 0.0691145468589814 0.11301374751037699
0 0.45827010783983785 0.2817278826049124 0.043145615374676066 0.11641301841094442
0 0.42529783757678224 0.4903377035162369 0.0730872530393519 0.09854393824036034
0 0.439139083714583 0.7871743474519995 0.07219105673740742 0.10956879796527211
0 0.6927983459990739 0.6876768125419165 0.05850391970601857 0.09733641883356717
0 0.4881939618174765 0.8236786957038847 0.06446297897657409 0.07563170492854199
0 0.5419012787499534 0.743775131447702 0.06293728204134273 0.11805179474873549
0 0.46061621757953675 0.6202514795781723 0.06184712525310185 0.11426183965883226
0 0.707309379623634 0.654581946996351 0.061362224037361086 0.07722480262179522
0 0.7041848150972219 0.6144652523298377 0.0634213123099073 0.07554545354234245
0 0.4818703556879394 0.9084326239580723 0.06795165488837966 0.1036682368649184
0 0.6689967346136801 0.7533718746381193 0.06036904749226864 0.08084225493929938
0 0.5548662896407869 0.3110455578177654 0.06393045858643517 0.11443434243123134
0 0.502368612906134 0.5375041725288431 0.06666753761384261 0.08506346696020033
0 0.5856274691627542 0.7093916010120197 0.0647296746452317 0.09600207529891236
0 0.623107143364259 0.35562703819582353 0.07320847834328721 0.10780319749961981
0 0.5507706162621294 0.46457675874907006 0.03955995921972218 0.08096907906716061
0 0.5120592341699536 0.4743484204226502 0.07001074316092601 0.10198888778546562
0 0.41008587455733786 0.3778465702259334 0.06552889070402775 0.07756980816659338
0 0.41313770390138865 0.42351882044800204 0.06845993021773158 0.0630137475103772
0 0.3236972280912497 0.6441377331712185 0.08360089994916678 0.10681385950976316
0 0.47988443807134223 0.8609947732703512 0.07466144009615737 0.05982755212387074
0 0.21725631592006925 0.3711493230382787 0.04174027279620371 0.0885489892469671