0 0.3354872026310319 0.4806749240102885 0.05473634845109056 0.08927835821201639
0 0.3122789048376993 0.6834734787779428 0.04740831911733304 0.08342108634444453
0 0.3627940426214869 0.6068386869280664 0.04955225689581795 0.09276655026427998
0 0.399045226156397 0.8787822923539512 0.05885453156163602 0.08204336012576134
0 0.3229269630808499 0.4097657745113174 0.05579013600678759 0.09117331239415644
0 0.2707887208519108 0.49559517212502097 0.052604531561636136 0.08178474614403301
0 0.5653565159664865 0.46240121006102963 0.06609771467218148 0.07493766903037045
0 0.4789103035221834 0.4569718647952682 0.060901502227878504 0.07657400923078196
0 0.5681046737216389 0.7588914668436223 0.0682537733396965 0.08613498480205774
0 0.41803837372694175 0.6832187356725521 0.05778862311690887 0.07829655409176965
0 0.5363830537343656 0.5908670767728815 0.0568681653405451 0.09677197028000019
0 0.4127031359537597 0.6227964876707824 0.05672271467218148 0.07454974805777796
0 0.4268095186452434 0.2982921644690953 0.055765894228726985 0.08746960869045274
0 0.2981622257320324 0.6115737498576136 0.052422718226181546 0.054006968366255244
0 0.5277395430458516 0.8766980227371202 0.061943168894545174 0.07661711156106994
0 0.3881626350520027 0.7903452037578196 0.05358559378315123 0.07256858921506196
0 0.4152902159717892 0.3867284788899594 0.03167423111606027 0.06610788472345686
0 0.5162876350520027 0.7956467903832518 0.05975074755993906 0.05986424023382732
0 0.4610311830575176 0.721118593490618 0.0568681653405451 0.09677197028000019
0 0.6395925350626083 0.6618224253032109 0.05683180267345425 0.09121641472444464
0 0.3400523990558207 0.7383409453994244 0.05668635200509063 0.06899419250222241
0 0.49102243507321386 0.5167483520179842 0.06187044356036348 0.06550600044995884
0 0.2818228230691837 0.5608841125730045 0.05039998933799979 0.06318002296493833
0 0.5730845346382438 0.39603625970637946 0.05760680978145416 0.050518776313991876
0 0.36187467953003144 0.3493235236949388 0.05564468533842396 0.06895109017193422
0 0.5877106559781525 0.31050703005415725 0.02943332622533319 0.0419476059888066
0 0.5187792075376675 0.2557888732381489 0.04267270045618119 0.15542779691522643
0 0.5738356648631526 0.36087262568633827 0.06382044711436355 0.04522183474016465
0 0.6655133577339414 0.6017673212841573 0.0692469564502422 0.07877067972493831
0 0.5342804443825787 0.8325121922744041 0.05857575111393913 0.03945076753316875