0 0.6637772229101917 0.519788227127912 0.06795378742738739 0.09228354218338235
0 0.6280152744675078 0.6834544575220177 0.048792834022304984 0.11533383193054571
0 0.5815041475030372 0.694918594057697 0.04571635042704211 0.117024033625517
0 0.5953640428708639 0.7871779779662593 0.04339043507002269 0.10765700759500389
0 0.5553711921676319 0.848911531430073 0.049737467879496934 0.11168401161246892
0 0.5242895635490281 0.8140155799135601 0.04467468376037544 0.11697015023989007
0 0.5054953552498429 0.9304766214079881 0.04641840226054808 0.10411495404818095
0 0.4745350176430823 0.900210299521105 0.03406395147475981 0.10902390897621385
0 0.44494311441737283 0.8626173953052546 0.03350744885546556 0.12748854410910546
0 0.4218323821317572 0.8540245534140558 0.034646148331606716 0.1312461311984361
0 0.4018095445249967 0.8243240070762548 0.04348746787949705 0.1113607112987076
0 0.37696506878761676 0.7694079271959462 0.04537673559388142 0.10406107066255403
0 0.3531608236817195 0.6747847992720766 0.03818210173668935 0.10738759066686969
0 0.30776270195583744 0.6493196655419726 0.042494317617567626 0.11315867976493253
0 0.4529211137284013 0.7502202078913738 0.04840470278440693 0.10051901711573111
0 0.602889675350113 0.5582488323497791 0.0507791345461636 0.11173789499809564
0 0.5937429742198389 0.5069187810316517 0.04339043507002269 0.10765700759500389
0 0.5669007868750078 0.4750161408354241 0.04234876840335602 0.10760312420937697
0 0.5566153862685925 0.419928502427966 0.03733450068897166 0.11474111468865007
0 0.6132649285900827 0.4182355173150013 0.03583336421248499 0.13685557013961855
0 0.5944178957806083 0.41356191267001374 0.031035984284234295 0.1125659625230369
0 0.5476456727308185 0.5738845897372595 0.040265435070022684 0.10749535743812333
0 0.5170363610408111 0.5371637280617083 0.033604481664940046 0.13119224781280917
0 0.48199210642289814 0.4502812162292763 0.04700059911739499 0.12633717627040308
0 0.48235877433091606 0.20618701379140655 0.055236899641253716 0.12306453965171445
0 0.45363019134206845 0.2611058770897085 0.04973746787949717 0.11168401161246892
0 0.41108599848245897 0.44383936822887055 0.04036246787949705 0.11119906114182693
0 0.38667673435253025 0.36582902358604075 0.04273689964125384 0.12241793902419179
0 0.36442932230377656 0.4497479492089943 0.039272284808093146 0.10929332590434826
0 0.34771270319718867 0.4072730317579244 0.03137559911739499 0.12552892548599995
0 0.32032686035183955 0.4141784553721453 0.045958932450728324 0.12628329288477627
0 0.39584059070713246 0.556785297869289 0.055841918665285324 0.10645175637067471
0 0.4115654955869748 0.6408191152157718 0.044529134546163716 0.11141459468433453
0 0.45044677708680214 0.6557757634469293 0.0508761673556382 0.11544159870179935