0 0.49679635606370165 0.8037037037037037 0.05518487878747938 0.1037037037037037
0 0.4305033403688712 0.2351851851851852 0.0541795768394131 0.10740740740740741
0 0.5376876363668318 0.8296296296296296 0.05209624350607977 0.10740740740740741
0 0.3250797251108499 0.6814814814814815 0.04268487878747938 0.1037037037037037
0 0.44750428517659097 0.8907407407407407 0.041534117965011316 0.09259259259259259
0 0.42590965855228713 0.65 0.04688791017274643 0.10740740740740741
0 0.2837221585522871 0.65 0.055275790583980466 0.11296296296296296
0 0.5347233712136191 0.3888888888888889 0.04599170238048155 0.12222222222222222
0 0.6447517532486077 0.48148148148148145 0.06207653354954109 0.06296296296296296
0 0.37531082359519913 0.5518518518518518 0.06145306114677958 0.10555555555555556
0 0.3677904242438223 0.362962962962963 0.05430685335451481 0.12037037037037036
0 0.48366260958147056 0.9212962962962963 0.05098184740221221 0.1
0 0.39689899513312976 0.8462962962962963 0.04394473376574872 0.1259259259259259
0 0.37632930600964976 0.8194444444444444 0.05301063365764496 0.09444444444444444
0 0.3399161582809291 0.44351851851851853 0.034387910172746436 0.10740740740740741
0 0.45672828382199754 0.4287037037037037 0.058273514068879 0.1
0 0.34917969832548873 0.7731481481481481 0.04058336309484574 0.10185185185185185
0 0.29432828679814876 0.4185185185185185 0.051072759198713416 0.10925925925925926
0 0.42073914313101163 0.8583333333333333 0.03648942586538008 0.10925925925925926
0 0.6129251899375542 0.6462962962962963 0.05622654545414605 0.1037037037037037
0 0.5738858741897703 0.3787037037037037 0.030184878787479382 0.1037037037037037
0 0.4954479550885701 0.5166666666666667 0.04175230627661411 0.11481481481481481
0 0.5952036761378365 0.3824074074074074 0.026218218073115196 0.12407407407407407
0 0.4653965376089277 0.1824074074074074 0.049225796536282944 0.13333333333333333
0 0.5259952981622344 0.5351851851851852 0.040510633657644964 0.09444444444444444
0 0.5310426263551427 0.6046296296296296 0.03705835119024078 0.06111111111111111
0 0.5758785660202403 0.7592592592592593 0.045900790583980465 0.11296296296296296
0 0.39269451055440524 0.637962962962963 0.0417341239173138 0.11296296296296296
0 0.31881654464446557 0.41759259259259257 0.0261091239173138 0.11296296296296296