0 0.5172671185556188 0.37831750412116705 0.05637378920140558 0.09909823234889423
0 0.303461058935888 0.42359591574112354 0.06375034519633142 0.10317911975198597
0 0.46942207145794157 0.3095806686421476 0.061582122534738916 0.09936764927702853
0 0.31467535865739343 0.7060132315187999 0.05845712253473891 0.09920599912014785
0 0.5283699894303254 0.5294149885742426 0.06587612319379446 0.10513873837509166
0 0.3180152173643615 0.4922051677083513 0.06687534519633141 0.10334076990886674
0 0.6381075414709186 0.5533329793274229 0.06696023452459059 0.10704447361257044
0 0.41758636294125384 0.6646215486162544 0.0675774545499614 0.08857983847967885
0 0.5423582344750159 0.8042901884804442 0.07187145520901671 0.09435092757774168
0 0.2732270954886781 0.5851551272597941 0.055864453231850436 0.076876010126672
0 0.5492828949054432 0.3886841562037708 0.06753500988583169 0.08672798662782678
0 0.46192172626161015 0.409850085570282 0.06457978854235004 0.09397374387835364
0 0.41206678420891496 0.8600458023722516 0.066917789860461 0.10519262176071859
0 0.39883190874560753 0.27993834722425565 0.06362301120394255 0.09762356419643041
0 0.5529366808115714 0.32005787091399845 0.06173245125468417 0.060532643773766555
0 0.35655070385372484 0.6039656628649784 0.05962612319379434 0.10481543806133034
0 0.40878259351151175 0.5947900121021529 0.0656214552090167 0.09402762726398056
0 0.4660565826370969 0.6833853257880873 0.061836790519516426 0.11047876038813953
0 0.5022248464896549 0.3310045484502356 0.059031897895980026 0.0788895121354044
0 0.39110784286484995 0.3672717428822405 0.06370790053220184 0.10132726790013412
0 0.49111225064666175 0.20302827045249475 0.04196023452459059 0.10575127235752523
0 0.34345029837860713 0.7442923698432485 0.06341078788329474 0.08836430493717115
0 0.5728274159704301 0.677862278761332 0.07195634453727612 0.09805463128144538
0 0.3947059607614134 0.7777093116730157 0.0612850098858317 0.08640468631406545
0 0.5319671979222258 0.644832429001222 0.06362301120394279 0.09762356419643041
0 0.29197886788416966 0.6295017133032538 0.0588196745753321 0.06963025287614515
0 0.256749657415103 0.5323674411117475 0.06341078788329467 0.08836430493717115
0 0.5252211317119405 0.7348897190513578 0.06411289723692448 0.07360337350798327
0 0.5485984630928947 0.2823643248791699 0.06606889657786917 0.06815558472368145
0 0.6655711043859267 0.48994885764971374 0.07707978854235004 0.0946203445058763
0 0.5396674060845984 0.7628121136634717 0.06798245125468418 0.060855944087527786
0 0.3347826785048774 0.3507639429544611 0.06324100922677628 0.08095689752976375
0 0.29452113995013357 0.6774612696017079 0.07023556324453585 0.06837111826618904
0 0.4778146640056575 0.46544249118892 0.07469934256010961 0.08154961477165948