0 0.3504479166666667 0.5416666666666666 0.06101041666666672 0.07803703703703702
0 0.38058333333333333 0.3690555555555555 0.039437500000000014 0.10581481481481479
0 0.4267083333333333 0.3472222222222222 0.036458333333333336 0.10979629629629634
0 0.40996875 0.25859259259259254 0.03571874999999996 0.0992037037037037
0 0.44754166666666667 0.18716666666666665 0.040927083333333295 0.10185185185185185
0 0.4791666666666667 0.21362962962962964 0.03571874999999996 0.10979629629629628
0 0.49405208333333334 0.09390740740740741 0.038687499999999986 0.09524074074074072
0 0.5260416666666666 0.1164074074074074 0.025302083333333295 0.10316666666666668
0 0.5569166666666666 0.14683333333333334 0.023062500000000104 0.1216851851851852
0 0.5796145833333333 0.1501296296296296 0.023812499999999896 0.1256666666666667
0 0.6004479166666666 0.17461111111111113 0.03422916666666656 0.10316666666666668
0 0.6272291666666666 0.22420370370370368 0.037197916666666705 0.09655555555555553
0 0.6540208333333334 0.31283333333333335 0.029760416666666602 0.0992037037037037
0 0.6997812499999999 0.328037037037037 0.03347916666666677 0.10581481481481479
0 0.5528229166666667 0.2612407407407407 0.04017708333333333 0.09127777777777779
0 0.40996875 0.4887592592592593 0.041666666666666664 0.10185185185185185
0 0.4203854166666667 0.5377037037037037 0.03571874999999996 0.0992037037037038
0 0.44865625 0.5635 0.03422916666666668 0.10053703703703697
0 0.4605625 0.6170555555555555 0.028270833333333318 0.10714814814814817
0 0.40402083333333333 0.6316111111111111 0.025302083333333295 0.1309444444444445
0 0.4229895833333333 0.6316111111111111 0.021572916666666705 0.10714814814814817
0 0.46428125 0.4603148148148148 0.03273958333333328 0.10053703703703702
0 0.49590625 0.49007407407407405 0.023062499999999986 0.1256666666666667
0 0.5331145833333334 0.5681296296296297 0.037947916666666616 0.11772222222222231
0 0.5412916666666666 0.8128333333333333 0.04538541666666666 0.112425925925926
0 0.5677083333333334 0.7506666666666667 0.040177083333333266 0.10185185185185185
0 0.6041666666666666 0.557537037037037 0.03125 0.10449999999999991
0 0.6305833333333334 0.6302962962962964 0.03347916666666677 0.11507407407407405
0 0.6499270833333333 0.5403518518518519 0.03051041666666663 0.10185185185185185
0 0.6681562499999999 0.5800185185185185 0.020833333333333332 0.12037037037037036
0 0.6945729166666667 0.5661296296296295 0.036458333333333336 0.11905555555555548
0 0.6156979166666667 0.44048148148148153 0.0483645833333334 0.0952407407407407
0 0.5967291666666666 0.3611111111111111 0.03571874999999996 0.10316666666666663
0 0.5580312500000001 0.3558148148148148 0.041666666666666664 0.10581481481481479