0 0.4514629786229717 0.5816388062333149 0.054796952896242125 0.0974168051488749
0 0.6943235528591226 0.4042305921681808 0.058975740451938916 0.09935484998938657
0 0.6518868448440626 0.6006016586273867 0.06527422400806036 0.10689154687978375
0 0.4670462853013045 0.4291627039158466 0.062161344897090486 0.10867875399014076
0 0.656604282171669 0.6757093998632115 0.06212498222999964 0.10312319843458521
0 0.6357606524241525 0.27892826800570336 0.05787346934012092 0.09007404248296233
0 0.5649618572830629 0.6701094504089903 0.06738179911945417 0.11063834707781742
0 0.6743746795300315 0.34825484579290833 0.060986348451090557 0.08828683537260532
0 0.5037238893220913 0.15766234797365097 0.0724931653405451 0.09593127349882746
0 0.4240951692923958 0.5449566665723319 0.06724846934012092 0.09026797670744725
0 0.5526330093093648 0.3253633305042362 0.06325149511987836 0.11610770964471305
0 0.4414694483874572 0.7555297202064866 0.04553104089751467 0.11388953759105662
0 0.5923977910831831 0.3780447898719395 0.06728483200721176 0.09582353226300261
0 0.6371042466316683 0.4715747312162084 0.06006589067472703 0.10678380564395895
0 0.5077008577339414 0.584654263432075 0.06520149867387844 0.09578043576867264
0 0.4589300332856083 0.63457819586483 0.05881816889454517 0.0752807759153126
0 0.5425292963876693 0.7548421224037111 0.06521361956290879 0.09763228762052449
0 0.6310916986526673 0.1964131193624711 0.06627952800763595 0.10135753957139323
0 0.3723580110863648 0.3318206689298814 0.06635225334181775 0.11246865068250429
0 0.7026444004084562 0.48589523375056465 0.05881816889454517 0.0752807759153126
0 0.5888303786335773 0.44557273772303724 0.067284832007212 0.09582353226300261
0 0.48789670528327506 0.6657371023410046 0.07053104089751479 0.11440669552301617
0 0.7158584381763354 0.6158157647169212 0.05893937778484807 0.09379929443383112
0 0.45410496753660695 0.2575755062828232 0.07043407378527237 0.09959188070820126
0 0.7121644861818502 0.5435073495060392 0.055717410672605654 0.07891983487752124
0 0.5068424639826069 0.23829332239428394 0.06508028978357554 0.07726191725015412
0 0.5034557701835473 0.5169647037272402 0.06721210667303007 0.0847124211518917
0 0.4860269470878496 0.3147249834264188 0.05893937778484807 0.093799294433831
0 0.4085667715096688 0.6094590318032547 0.0608530186717573 0.06791646500223494
0 0.6104739870570933 0.7201316473583231 0.06099846934012092 0.09013868722445716
0 0.4036610955071235 0.6426953980243456 0.07443104800551481 0.07375214777093514
0 0.336650443082971 0.3755324729707168 0.09028634489709049 0.10926055666359494
0 0.4951299568746067 0.197304776811146 0.05660150578187858 0.054867309050612156
0 0.710190605744759 0.4471571825918305 0.07130604800551481 0.07368750302944031