0 0.6614892342198503 0.602986851997178 0.07104201186299809 0.10355630345137401
0 0.6093555036495923 0.5300031374239039 0.06946801449922001 0.1256707589023426
0 0.5986885767799599 0.6774238598660891 0.04138545916334948 0.12606775934226858
0 0.5766225757913767 0.6679589754345915 0.04138545916334948 0.12606775934226858
0 0.5443848511526178 0.6459451618026012 0.04376590514559003 0.13913848907648538
0 0.6443300461338815 0.4217577541212865 0.05463001318110893 0.11380528039245519
0 0.6248408093025968 0.29774747180310823 0.05450267918872006 0.10824972483689964
0 0.5998797091757432 0.38893909636940194 0.055968792496682816 0.12682212674104507
0 0.5932645217488298 0.2138043879053347 0.05684068050683114 0.11946860271926449
0 0.5524370233964684 0.2255648830619618 0.05158990250936834 0.11734733393927822
0 0.5469890642331189 0.10135610052382052 0.049506569176035006 0.11723956716802449
0 0.5145161215461557 0.11447358869138859 0.05137767918872029 0.10808807468001896
0 0.4824039585042941 0.14333181759969738 0.048549791837627275 0.12088938748610126
0 0.45704317885919254 0.12629787560391148 0.04280912780718253 0.14278830939456227
0 0.43424234882113644 0.1528632772050844 0.04933679051951643 0.10983215976061708
0 0.40388368676785785 0.19013566452516686 0.04738079117857197 0.1152799485449189
0 0.36981375198956007 0.26975816920252094 0.04304434585538696 0.10765700759500389
0 0.47713813835206964 0.2540388033186069 0.052461790519516424 0.10999380991749763
0 0.46409253789568833 0.34307230904183195 0.05667090185031268 0.11206119531185718
0 0.4277190938906142 0.3448900942485948 0.046593792496682815 0.1263371762704032
0 0.40324787979674254 0.41206152812644126 0.05488468116588656 0.1249163915035663
0 0.5528411106965282 0.4928611170336066 0.053673235842701436 0.11745510071053197
0 0.5201983893530465 0.49857119779376713 0.049761237160812516 0.1283506782791356
0 0.46831400958109143 0.5726480552858346 0.05973046245862671 0.1547615546757034
0 0.45241398225507756 0.8095064088434465 0.06381223979703421 0.1512733845145072
0 0.4230368646632546 0.7534219278018911 0.05067556983509031 0.12284900610920696
0 0.3710340128763686 0.5953607948146856 0.061728906463700876 0.15116561774325354
0 0.3578045010133705 0.4947950192656033 0.044680237819867824 0.13363681690655674
0 0.33040106030357363 0.5248216493351591 0.03426357115320115 0.13309798305028792
0 0.3141606126736945 0.49716154669890394 0.049144017135441705 0.1468153134120272
0 0.3193778079844859 0.27084852870332093 0.04763545916334948 0.12639105965603