0 0.4802076138250956 0.18183703823584038 0.05179708804449798 0.09933569660391137
0 0.596787963968276 0.1422514726551293 0.0482899479872259 0.0861787293659943
0 0.5478679997742104 0.23216623977065293 0.05360746419406558 0.09020577352795492
0 0.6966441218156206 0.29964121833305407 0.04784878712484399 0.10648443164471318
0 0.4424302272729733 0.1583038317010157 0.052893346147917936 0.10125221654741459
0 0.4965858205187487 0.06713979820130919 0.04752123850432497 0.09537332053360215
0 0.44528083107273203 0.5906671436595782 0.04406426051544964 0.1191887222410708
0 0.4518952536565783 0.43683410377257176 0.04483296999835033 0.10999413107346283
0 0.6109080457569102 0.597945175633775 0.050423443388955984 0.12328043449468261
0 0.5855177664711628 0.33057011012217485 0.045710862354757374 0.10450324360955855
0 0.5206039503248945 0.5397794128560337 0.05607293758467099 0.10329807267422056
0 0.5520184441433919 0.3206347860638078 0.043572937584670984 0.10252205557440393
0 0.3678640245745826 0.3422338894254624 0.0508100128145846 0.10112288036411188
0 0.5585443355195736 0.11689874831427843 0.03189623850432497 0.09440329915883136
0 0.681568746043271 0.5288622667699687 0.04488756143510339 0.11184598292531468
0 0.6483954771600786 0.278606544566595 0.04236749660774493 0.09690183192719709
0 0.41936971845365123 0.3233244121938038 0.03809607643592834 0.05781893876335405
0 0.6369932304394389 0.5066753287568041 0.03540337856159728 0.1075602663967484
0 0.6014267970758199 0.4081421222219793 0.05607293758467099 0.10329807267422066
0 0.5484235485461579 0.7247470709602264 0.052947937584670986 0.1031040683992665
0 0.624426070405854 0.19229261794074234 0.04044793758467099 0.10232805129944987
0 0.48347723164545375 0.4589034670054529 0.03863756143510363 0.11145797437540626
0 0.5313473899443774 0.08716330530738434 0.03699538896415208 0.09102293591338459
0 0.40693244911887966 0.604138640115965 0.03008586235475761 0.10353322223478788
0 0.40452743554985926 0.22720154752965513 0.04039334614791793 0.10047619944759803
0 0.3573463142628849 0.6284743367198763 0.02444522689575533 0.05327454986818233
0 0.3339479029103904 0.5051557071028123 0.08864199080346005 0.07944152568113896
0 0.38716807817058957 0.6044414079314153 0.027288410975276633 0.11445032907094493
0 0.5117512788341684 0.769538378668966 0.04631136815904237 0.12487361397992892
0 0.6562957888595053 0.5396735602288613 0.023890453791510897 0.10499706553673141