0 0.6518786742097876 0.5404508414429 0.07116058626019944 0.10366407022262786
0 0.5954165658312632 0.4785457294519369 0.056680276996435214 0.13439118430533303
0 0.5880646440246305 0.6196905955848793 0.04100679508134396 0.118768118706115
0 0.5635854773579639 0.620956855147111 0.03683406817529094 0.11670073331175566
0 0.5260006340065542 0.5969707311037528 0.05777648581757961 0.15111173435762662
0 0.43438885674826316 0.7776653366576576 0.06402042557819314 0.14958318281953611
0 0.40965819014706045 0.7020797443680376 0.058745429611609265 0.12894339552103135
0 0.35921579267185244 0.5694809616929427 0.05670451795398084 0.14179859171274045
0 0.2995165698646794 0.4734782405996008 0.05776436533880679 0.14740803065392294
0 0.3235324754721836 0.48983151532277514 0.037863614363184674 0.11305091299367889
0 0.3463733891465201 0.4654979326908356 0.034750734841957606 0.11659296654050182
0 0.3159313893429119 0.23647805362564617 0.054663606296352425 0.15465378790444967
0 0.36334540339440446 0.23958191513517865 0.04203634126923781 0.11511829838803822
0 0.39744769262201596 0.15447043007615818 0.042042401508624275 0.11697015023989007
0 0.4213700117729289 0.3014062020477015 0.055602248893450106 0.12322618980859501
0 0.39869878480141185 0.3775916365314929 0.0524772488934501 0.12306453965171445
0 0.45626281498656895 0.2986751827032751 0.05246512841467729 0.11936083594801074
0 0.4757848010005404 0.2152439909689569 0.05558406817529094 0.1176706342530395
0 0.43067497176608704 0.1203387543286906 0.054548461748010625 0.11946860271926449
0 0.4530011123464766 0.09788396524141635 0.04209088342371554 0.13178496505470486
0 0.47539694567980995 0.0967254724504384 0.04309618865406364 0.12072773732922065
0 0.5076158894738397 0.07283286527378287 0.04095225292686623 0.10210145203944838
0 0.5424632408920816 0.056212957040467526 0.046178766978358966 0.10792642452313833
0 0.5480654897855319 0.17631391048270348 0.05354315651766228 0.13052583044474872
0 0.5845056424007059 0.1688724364302071 0.060816642466169905 0.12534745858858137
0 0.6149503250701094 0.23953204046924975 0.041012855320730304 0.12061997055796686
0 0.5928696241848694 0.33698682955652404 0.04202422079046499 0.11141459468433453
0 0.6377461342029458 0.360595769900494 0.057697702705556256 0.12703766028355257
0 0.542155210445069 0.4396271154522412 0.04725679508134396 0.11909141901987634
0 0.5088521783086677 0.4506106430515607 0.04310224889345011 0.12257958918107256
0 0.45856163407201805 0.5235943576248347 0.053537096278276054 0.12867397859289692