0 0.48369791666666667 0.21194444444444444 0.04773958333333338 0.09524074074074072
0 0.59878125 0.17707407407407408 0.045010416666666705 0.08148148148148149
0 0.5537291666666667 0.26481481481481484 0.049843749999999964 0.086
0 0.70515625 0.3372407407407408 0.04386458333333323 0.10268518518518517
0 0.44468749999999996 0.188 0.04885416666666664 0.09679629629629631
0 0.49546874999999996 0.09831481481481483 0.04382291666666672 0.09057407407407407
0 0.46451041666666665 0.6202777777777777 0.03934374999999998 0.11420370370370363
0 0.46528125000000004 0.4663518518518519 0.04021875000000001 0.10533333333333338
0 0.6310729166666668 0.6334444444444445 0.045864583333333306 0.11825925925925929
0 0.59478125 0.3652407407407407 0.04169791666666664 0.10057407407407408
0 0.5381458333333333 0.5720925925925926 0.05260416666666667 0.09764814814814818
0 0.5611145833333333 0.35390740740740745 0.03950000000000008 0.09744444444444446
0 0.3775833333333333 0.36957407407407405 0.046510416666666644 0.09701851851851849
0 0.5593020833333333 0.1499259259259259 0.02854166666666676 0.09244444444444444
0 0.6988020833333334 0.5660370370370371 0.04080208333333341 0.10738888888888891
0 0.6564479166666667 0.3152037037037037 0.03811458333333325 0.09211111111111113
0 0.4279895833333333 0.35200000000000004 0.035395833333333356 0.05398148148148144
0 0.6535833333333334 0.5425740740740741 0.0311770833333334 0.10287037037037029
0 0.6141979166666667 0.4425925925925926 0.05259375000000001 0.09833333333333337
0 0.5734583333333333 0.7584074074074074 0.04938541666666675 0.09748148148148146
0 0.6287604166666667 0.22820370370370371 0.036802083333333256 0.09762962962962962
0 0.4978125 0.49020370370370364 0.03390624999999995 0.1080925925925926
0 0.5311354166666666 0.11935185185185186 0.03289583333333332 0.08618518518518517
0 0.42646875 0.6323703703703704 0.026552083333333344 0.1015370370370371
0 0.40938541666666667 0.25555555555555554 0.03691666666666672 0.09612962962962959
0 0.37817708333333333 0.6553333333333333 0.02322916666666662 0.05170370370370363
0 0.3500729166666667 0.5317407407407407 0.08556249999999999 0.07142592592592602
0 0.406625 0.6322777777777778 0.023062499999999986 0.11375925925925917
0 0.5386875 0.8022407407407407 0.041666666666666664 0.12037037037037036
0 0.6737395833333333 0.5760555555555555 0.020093749999999962 0.10449999999999991