0 0.48628125 0.1960185185185185 0.051874999999999956 0.0986851851851852
0 0.556375 0.24764814814814812 0.05184374999999998 0.08835185185185183
0 0.44594791666666667 0.17422222222222222 0.050437499999999955 0.09788888888888886
0 0.5765625 0.7479444444444444 0.05111458333333327 0.1036666666666667
0 0.41004166666666664 0.4742777777777778 0.05616666666666662 0.1084444444444444
0 0.6614583333333334 0.3005740740740741 0.04507291666666665 0.09840740740740739
0 0.7079791666666666 0.3258518518518519 0.05060416666666659 0.10685185185185184
0 0.5329166666666667 0.10357407407407407 0.03877083333333336 0.08774074074074076
0 0.3766041666666667 0.3587037037037037 0.04781249999999997 0.09975925925925927
0 0.46751041666666665 0.6075185185185186 0.04857291666666666 0.12405555555555557
0 0.3510625 0.5282037037037037 0.06296875000000005 0.0610000000000001
0 0.63334375 0.6207037037037038 0.05819791666666655 0.11707407407407412
0 0.46529166666666666 0.4587962962962963 0.04559374999999998 0.11922222222222222
0 0.43125 0.3348333333333333 0.04470833333333329 0.10548148148148144
0 0.6967083333333334 0.5509629629629629 0.030885416666666762 0.10420370370370367
0 0.60059375 0.1615185185185185 0.044291666666666646 0.09549999999999999
0 0.49603125 0.07777777777777778 0.04784374999999995 0.10333333333333335
0 0.5616041666666667 0.13174074074074074 0.0311770833333334 0.10405555555555555
0 0.5824166666666667 0.14122222222222222 0.0421145833333334 0.12696296296296297
0 0.4262708333333334 0.6213888888888889 0.028291666666666635 0.10742592592592591
0 0.40980208333333334 0.2409074074074074 0.03877083333333336 0.09607407407407406
0 0.6350208333333334 0.21331481481481482 0.035239583333333255 0.09935185185185183
0 0.6162291666666667 0.4333518518518518 0.058833333333333356 0.09701851851851849
0 0.5967708333333334 0.3545185185185185 0.047010416666666784 0.10651851851851848
0 0.406625 0.621037037037037 0.024552083333333384 0.11772222222222231
0 0.5412916666666666 0.5568703703703703 0.05580208333333333 0.09788888888888891
0 0.4988854166666667 0.4695740740740741 0.029020833333333346 0.12698148148148153
0 0.5446458333333334 0.8035740740740741 0.04464583333333329 0.15211111111111109
0 0.6781979166666667 0.5601851851851852 0.020093749999999962 0.10449999999999991
0 0.655875 0.5251296296296296 0.024552083333333266 0.11905555555555554
0 0.5625 0.34325925925925926 0.037197916666666705 0.10185185185185185