0 0.6396573539635462 0.47781998019045174 0.0636214479633594 0.07110465833580258
0 0.49295951337217314 0.1868691470251433 0.05479201724283165 0.10405007069654328
0 0.42731535088431055 0.2543563063178183 0.055773065100668026 0.10038946932312762
0 0.532506963842815 0.15562318000971112 0.05488294545607696 0.10960562625209884
0 0.37617073264743356 0.45356123573329166 0.05981849414967423 0.09315447123687245
0 0.2793244763792274 0.36041218372329176 0.0518488736693224 0.11503187481679017
0 0.42816783478538534 0.7428788253992585 0.05699658819382544 0.11154368276452681
0 0.37439136979866383 0.18067170156687187 0.049553374505083285 0.10198270719325114
0 0.5771972446118927 0.44616841191362056 0.05797763605166182 0.1078830813911113
0 0.36696556571695926 0.6343754052705756 0.056167087358064666 0.12446354339720157
0 0.5529231046452343 0.3074527065211514 0.0507162787894103 0.10943321693094664
0 0.6084552601832026 0.3171837688877769 0.053810969384995154 0.10771067206995895
0 0.4551571085602308 0.5567022866174479 0.060030659980580124 0.10611743419983542
0 0.524835553180547 0.4335302647783531 0.05178825486049211 0.11132817111308647
0 0.4252942020324288 0.34604452414962894 0.05077689759824058 0.11313692063465033
0 0.3272204148854102 0.32789547213962916 0.0453867078384165 0.10181029787209889
0 0.5317706461251298 0.5822164178798346 0.048905730095813026 0.12601367893703713
0 0.38912938149931536 0.3614204434334562 0.054973873669322396 0.11516118180765433
0 0.4135695339580481 0.14018802645732448 0.04017837450508317 0.1015947862206585
0 0.49313091211432014 0.4626011124647729 0.0424738736693224 0.11464395384419769
0 0.3506108851061663 0.23439773061098712 0.04756096938499515 0.10745205808823052
0 0.29387105040945694 0.5846578929432505 0.049795849740404206 0.11679752200806585
0 0.5701759204719283 0.5889549649925093 0.03398899331391334 0.10503987594263393
0 0.4812667203748288 0.0744665143559252 0.050655659980580005 0.10572951322724287
0 0.4438329126419353 0.10377442485892938 0.043212446291837854 0.09616853765596715
0 0.3402044889156397 0.5522058348550201 0.038155659980580126 0.10521228526378608
0 0.5710900868304495 0.21509640256987567 0.04229201724283153 0.10353284273308648
0 0.5880206461251298 0.579888892044279 0.03297763605166182 0.10684862546419759
0 0.4642831834262211 0.79412647045181 0.05092844462031619 0.12239617989390959
0 0.32259265725382796 0.5788429492306991 0.032208754024731216 0.12347218980057606
0 0.39312064163818 0.14936185523127513 0.033159492478152565 0.1179597365753087