0 0.5256467093448556 0.6254400829681634 0.054493919593533016 0.10280193605259792
0 0.5454053919487952 0.4773628515281868 0.06703634126923769 0.11641149964308334
0 0.33335047228979836 0.4895457307012645 0.06491664649958603 0.10519262176071859
0 0.3376780825541029 0.2814009892176253 0.053421951729934136 0.09348879340771174
0 0.3980395125584958 0.6197652941547965 0.06492270673897238 0.10704447361257044
0 0.5574417836357346 0.619676118822376 0.07008255815721445 0.09249907572588982
0 0.3779818898666232 0.3816505894052219 0.05763104007230571 0.1066672899131822
0 0.5990333918178673 0.326407200491454 0.07323785935414644 0.10191998514202985
0 0.4891587693223864 0.31424102182633656 0.06389922079046499 0.11254614578249908
0 0.44807994587620165 0.1324560567716317 0.06593407220870708 0.09783909773893795
0 0.4715951872265308 0.5874529617303806 0.06488634530265394 0.09593336250145933
0 0.3145432472695255 0.34688222140050057 0.0585696826694034 0.07523969181732763
0 0.3732311046069639 0.2415663576622726 0.05965377101177497 0.08825653816591741
0 0.6569425083941518 0.459054299716189 0.06493482721774531 0.11074817731627415
0 0.44169930347549574 0.33123377222475786 0.06593407220870708 0.0978390977389379
0 0.31281980367188744 0.555161671348207 0.06491664649958603 0.10519262176071859
0 0.557226645137517 0.6854168595631167 0.056443927660365274 0.06216896208311082
0 0.4927944705349459 0.7950659943100266 0.04515528102985134 0.11342809669306693
0 0.5051887635995818 0.6688338013928837 0.05543256219063058 0.07137433795674336
0 0.4264560985568397 0.213758854773688 0.05965983125116144 0.09010839001776927
0 0.42899325533635774 0.3935501345601983 0.06279089149054778 0.09212189202650178
0 0.5523341387600733 0.27027874443454064 0.06377801600273661 0.07550910874546204
0 0.4024482415467208 0.7051929545753026 0.06385679911476008 0.09958318281953611
0 0.5530515826195669 0.3694067018942416 0.05967801196932048 0.09566394557332482
0 0.4713012656162899 0.6772677765451953 0.06700604007230572 0.10715224038382408
0 0.29041522723337265 0.39749475538293416 0.056498469814842876 0.07883562874977748
0 0.5754901848825031 0.1983160307701839 0.0711424055420404 0.09810851466707236
0 0.2720012232654204 0.4530332776159452 0.0628030119693206 0.09582559573020548
0 0.4921076751262824 0.5273925766389936 0.06693937743905518 0.08678187001345392
0 0.5524240005891752 0.720359569512981 0.06375983528457757 0.06995355318990648
0 0.6827811570413737 0.5224384213938981 0.0836424055420404 0.09875511529459496
0 0.5722197391372293 0.2425988250577477 0.06789620075431202 0.06090982747315471
0 0.3198879359890531 0.3054849716619683 0.06689089552396392 0.0719670551986389
0 0.3433126210024841 0.6289734534464223 0.06174316458449466 0.090216156789023