0 0.5449389418098772 0.3923240681515786 0.05164771111818141 0.09523287848830975
0 0.5402097484882101 0.5453982045503043 0.06317876978569667 0.10693670684131659
0 0.34038477158921054 0.42328252379763115 0.06207649867387843 0.09762356419643041
0 0.31097072138233106 0.6257980095995501 0.05054544000636341 0.08591973584342356
0 0.4231423626936048 0.33100888998451766 0.062088619562908794 0.09947541604828226
0 0.5747840133672711 0.4148624657352866 0.06822953156163601 0.08313204969537694
0 0.36570634004348285 0.5507199679391032 0.05480907378527237 0.10095008420074607
0 0.5668760058349065 0.7190780616024456 0.07037346934012093 0.09249907572588982
0 0.46028662094205813 0.6727223150845357 0.06004164889666631 0.10492320483258398
0 0.39199757962017884 0.8263055602287233 0.06306968178442389 0.09027004017464993
0 0.48768969825481673 0.4017691358425386 0.062015894228726984 0.08836430493717115
0 0.2995362649320889 0.5504378592227064 0.05667423111606039 0.06772451763866638
0 0.3384358627201188 0.6827303749065845 0.05780074400593911 0.08074136398725626
0 0.6433472342722097 0.6215721725475378 0.062112861340969515 0.10317911975198597
0 0.41834117382769465 0.6322850579170184 0.06306968178442389 0.09027004017464993
0 0.33156660269466537 0.34963951680857214 0.06207649867387843 0.09762356419643041
0 0.5847885698069077 0.35136066891605483 0.05554771822618155 0.05470767129007649
0 0.54167382179609 0.21187627936727685 0.04132801156375716 0.10950885944685575
0 0.532608269361332 0.3392400233825841 0.05456665600466645 0.06391304716370894
0 0.3846388831688761 0.7368409874204832 0.057812864894969354 0.0825932158391079
0 0.41582148848927064 0.5657261580216054 0.06093786489496935 0.08275486599598868
0 0.5133998649479973 0.747778981888156 0.06188256444939384 0.06799393456680078
0 0.4408563915764839 0.2513622270323436 0.060986348451090557 0.09016227340339619
0 0.5299752600519673 0.6533713875067939 0.05680756089539365 0.08809488800903674
0 0.5017033498037261 0.31397773140672525 0.06417195289624213 0.09958318281953611
0 0.2845468818162406 0.4891551895844457 0.05461513956078766 0.07132045457111644
0 0.5238350778431788 0.8296744971321081 0.06930756089539353 0.08874148863655941
0 0.2758014382558772 0.4266232937064979 0.05993256089539365 0.08825653816591741
0 0.4975131711489376 0.4698027038904152 0.06506816889454517 0.07741484398294071
0 0.586114712470817 0.31516873272650336 0.061846201782303 0.06243837901124523
0 0.6784608787131191 0.5734438411399276 0.08180756089539377 0.08938808926408186
0 0.5277108431731183 0.7850145191451561 0.06698180978145439 0.051596684828268735
0 0.29825254537978574 0.5931112768937394 0.06497120178230276 0.062600029168126
0 0.3723609302461201 0.2938074193726067 0.05989619822830269 0.08270098261036185