0 0.3812526353863202 0.20852434347529697 0.051165455868072245 0.09680266296502753
0 0.5001299693787089 0.21530810754649862 0.05758523452459059 0.10427471292589006
0 0.5378864097589781 0.1814474773668789 0.05554434585538696 0.10610501725992358
0 0.4799094018751001 0.5826044217690889 0.06079512385284976 0.10801073790632126
0 0.33762465219223414 0.3497061909910507 0.0491245671988685 0.09863296729906106
0 0.570140039543327 0.33915116314428867 0.05558679051951666 0.10795686911177542
0 0.6600885603035737 0.5150399982542958 0.06415534190105418 0.07286864775677275
0 0.5668576212414155 0.5594353434433856 0.05420556653981284 0.09313128053805123
0 0.3238176831678403 0.6106126006828875 0.049549013840164476 0.11715148581757957
0 0.5907001179461382 0.5319107489999736 0.038538121875683375 0.09111782230256196
0 0.40624554580435374 0.3902213001349619 0.050463346514442266 0.11160670402093328
0 0.5955282216977967 0.4699383545163915 0.0587966798477756 0.11169289409220663
0 0.3952549667672745 0.6604139034833308 0.05584145850429394 0.11906798022288664
0 0.29520193414402984 0.38444426518150504 0.050420901850312796 0.10975485216908143
0 0.3930513890235188 0.47339841396411225 0.06383523452459058 0.10433935547934517
0 0.5592555721665718 0.6139733961222873 0.04646645850429394 0.11897101639270381
0 0.43763792195150397 0.2831640398921028 0.05637378920140558 0.09685653175957348
0 0.545858054042547 0.4610932676348723 0.04829512385284976 0.10788145279941125
0 0.3600876973127451 0.2619964113624534 0.04604201186299808 0.10045249787418539
0 0.4412802104938541 0.3739209412712073 0.05050579117857197 0.11345855587278514
0 0.44772034849160863 0.13237817283199618 0.03962223320647974 0.09298044791332293
0 0.42204918643833017 0.17099233086870105 0.03970712253473892 0.09668415161702663
0 0.6213939295306417 0.3489383365900976 0.05241934585538696 0.10607269598319606
0 0.46451075794584645 0.7740663870164812 0.05875423518364613 0.10984104224035478
0 0.4834995671988685 0.10312562476418773 0.051292789860461006 0.10235821852058317
0 0.42068295819955365 0.5884717989927473 0.050251123193794454 0.10234744476167382
0 0.5127891136622776 0.49500237972958333 0.0432141245119053 0.11338313956042086
0 0.36424195721097047 0.5795566826783184 0.042087568516979465 0.10966866209780787
0 0.5779136396701806 0.2466609212613333 0.04612690119125726 0.1041562015778891
0 0.6166745728256271 0.6201215084178475 0.034795901850312796 0.10959324578544359
0 0.5991784628129418 0.6291976137756508 0.027843792496682816 0.12433264428789433
0 0.4995109305440122 0.8244165341810293 0.05192945982240502 0.1301359962983611
0 0.3492536271729144 0.6071728540724585 0.030883903168423644 0.12066126186091802
0 0.39923863143198746 0.1753849378023288 0.035752679188720174 0.10590031584064921