0 0.3394339140180512 0.2743438238167926 0.059456344537275996 0.09740803065392292
0 0.32734600030474037 0.48322589937666377 0.06491934585538685 0.10878855869316845
0 0.3034433813948064 0.5478081473264265 0.06483445652712767 0.10508485498946474
0 0.536624613612703 0.4755109996763349 0.06608834651444226 0.11439799763435092
0 0.4244013669203739 0.20735819837064684 0.060370677211553904 0.0919063584839943
0 0.3873744848169373 0.6170413997626457 0.06587612319379446 0.10513873837509166
0 0.47415824271320894 0.7893218469047768 0.04742323584270144 0.11713180039677085
0 0.5117687621553447 0.6271841680487618 0.05745790053220183 0.10100396758637299
0 0.5731147572372163 0.2029995437854404 0.07082978854235004 0.09429704419211492
0 0.49312664621116037 0.6670088912338454 0.054780341901054186 0.07497027488919322
0 0.43824546342242254 0.3313684806888251 0.06774723320647974 0.09598724588708604
0 0.4575614232200401 0.671658337604013 0.06912845718618309 0.11085594408752779
0 0.591519019746876 0.33280785689449516 0.07212612319379445 0.1054620386888529
0 0.4495154311534929 0.13542242639910354 0.06674801120394266 0.09778521435331108
0 0.48660779906244994 0.3144026719832172 0.06513156917603477 0.1180478179524277
0 0.5432522078080576 0.6186154844323829 0.0707448992140911 0.09059334048841126
0 0.3740574018255254 0.37903446178432465 0.06071023452459059 0.10672117329880912
0 0.4595987670982607 0.582769448715124 0.06557901054488724 0.09217577541212871
0 0.37255325163524494 0.23990309766011483 0.060285787883294736 0.08820265478029059
0 0.4238239561728126 0.3918060494796002 0.06878889987314642 0.09604112927271297
0 0.2878652338407478 0.3857001935812181 0.055864453231850436 0.07687601012667189
0 0.3133630724465247 0.34252200869900534 0.05794778656518377 0.07698377689792564
0 0.38633636294125384 0.7078360238890132 0.06470712253473891 0.09952929943390919
0 0.6453823935873323 0.4625963532630121 0.06808679051951642 0.11080206070190086
0 0.2666728932578045 0.44578752036541847 0.06149723320647974 0.09566394557332493
0 0.5478769038026917 0.3713393788245338 0.06253889987314641 0.09571782895895174
0 0.4822474960208799 0.5273925766389936 0.06745012055757253 0.0830242829241233
0 0.5501689156656898 0.2713393788245338 0.06532434256010973 0.0810646643010176
0 0.3345580948296226 0.6235795480477474 0.06236912121662807 0.08831042155154423
0 0.5388344179475965 0.720359569512981 0.06502722991120251 0.06810170133805463
0 0.5463055882390682 0.6901542559640003 0.07206422859309167 0.057367773926331564
0 0.6694176636761298 0.5287313110256855 0.07824878920140559 0.10022978344705878
0 0.567408585298106 0.24720151299456386 0.07010822925214696 0.06281556271063349
0 0.3184422993919777 0.30292272742669807 0.06198711923946168 0.07164375488487768