0 0.3407276413997919 0.5077303749065846 0.06596530179819453 0.10889632546442209
0 0.4062907223270604 0.38018082245957663 0.06698272340407409 0.10709835699819716
0 0.4968101033422226 0.6858936866377306 0.06393045858643517 0.11249226239687216
0 0.34447263234421327 0.7141579730024392 0.055354674645231465 0.09354267679333866
0 0.32059610840851877 0.44298647679994113 0.06276756661583344 0.10317911975198607
0 0.532889589918241 0.3764117688836883 0.055451654888379664 0.10095008420074597
0 0.6045983582814356 0.6784649043734966 0.06894483143347212 0.09794686451019174
0 0.5536882975547457 0.531923349423886 0.06492363513152787 0.10884244207879537
0 0.32125246694412074 0.652353502830454 0.05927889070402775 0.07523969181732743
0 0.5602543542921531 0.6353576361994553 0.06267058637268524 0.09577171234457856
0 0.3843819675774077 0.6175851348257329 0.05971530179819453 0.10857302515066096
0 0.43585960986465305 0.6084364257557208 0.06584407649425934 0.09963706620516304
0 0.564793771085903 0.38495351080725365 0.06569860612953704 0.08852595509405183
0 0.4786991136643752 0.41720360959206254 0.06472967464523147 0.09402762726398045
0 0.45439445263268563 0.869692153701168 0.06686149810013901 0.0978390977389379
0 0.40608376836319465 0.28475656870357935 0.06480240982759256 0.09958318281953611
0 0.4324458465031486 0.7855846362285204 0.06044178267462973 0.08455283446221361
0 0.2781795867518058 0.5471014308481219 0.06271907649425934 0.09947541604828226
0 0.49940904432583344 0.20765790008212437 0.04409030179819453 0.10776477436625774
0 0.4789402578514816 0.3161968585876963 0.07015621352564831 0.11096371085878164
0 0.4481301527343522 0.6698807455508622 0.06686149810013901 0.0978390977389381
0 0.3794173912727087 0.7558983397952705 0.061531939462870375 0.08831042155154423
0 0.6638265814959493 0.5447571707587685 0.06489939007074076 0.10699059022694352
0 0.5125160417926853 0.3329911087661546 0.058237224037361084 0.07518580843170071
0 0.49874578894289373 0.4754660262172245 0.06770920428050928 0.08307816630975001
0 0.5822886890816207 0.8056301481688407 0.07105240982759256 0.09990648313329724
0 0.2982262620303244 0.605363847473284 0.05729253761384261 0.08253933245348119
0 0.563933071427963 0.3192127700665129 0.06119250861185179 0.062384495625618305
0 0.5644292242269214 0.2774922200142193 0.07284480243148153 0.07779202768232886
0 0.68956474942919 0.4804201814623201 0.09406605673740742 0.10849932502449612
0 0.5573241857256254 0.7300176141864072 0.06962282218833332 0.07022297011804089
0 0.5775280184256716 0.7604753113409779 0.07788342033930556 0.0650984816475003
0 0.3264248681598615 0.6891480646321702 0.07173040058245377 0.07218258874114637
0 0.3450380365368289 0.35925892644467505 0.06894483143347223 0.09794686451019174