0 0.6734639888269637 0.5288448109013407 0.06738294545607697 0.1087649469788007
0 0.34997545126206475 0.5642500194733505 0.06845492152715878 0.11063834707781763
0 0.736676259830719 0.5710704345899609 0.0652086839094982 0.10316629492891517
0 0.5169155918006764 0.22735045123421443 0.047712516407070873 0.11576293769007356
0 0.6932516477079754 0.46452495706915237 0.06526930271832848 0.10686999863261877
0 0.7157711607720029 0.6307822070396846 0.05969725653201389 0.08454003517457186
0 0.5792370539276317 0.6289753977886663 0.06723139843400124 0.09950568771954144
0 0.6936122292157143 0.6775525647736103 0.061719971056516935 0.0808794279651979
0 0.5594462637013776 0.8841006371030902 0.068242755696253 0.09767538411485445
0 0.449512794624528 0.40658273569562775 0.077617755696253 0.09786931833933918
0 0.580629720858106 0.8095632757149693 0.0639245420075106 0.08832993186693548
0 0.5354750305706667 0.4381491127614335 0.06615942236291966 0.09763228762052449
0 0.4098944548689156 0.6917577954593983 0.0736632548604921 0.11074608831364222
0 0.6368852943163823 0.7769074147629969 0.06603818474525909 0.09022488021311709
0 0.606270038928275 0.3070111058302558 0.06526930271832848 0.10686999863261888
0 0.46122161876449225 0.5489813940637356 0.06539054033598907 0.11427740604002629
0 0.5179948942108593 0.7071201444704164 0.0696784446203163 0.12177100643609341
0 0.5635857523088716 0.6913572067803428 0.0652086839094982 0.10316629492891517
0 0.4335066721645088 0.8292790193554794 0.06919349414967423 0.09214137680646378
0 0.4504443705900867 0.3361692688309275 0.06362144796335951 0.06981141334841676
0 0.4531124746190297 0.75384805441218 0.06579570950993817 0.07541006539830228
0 0.6622608433181252 0.3855094524837244 0.06499651807859243 0.0902033319659522
0 0.45141583720399187 0.3000258353490689 0.0678790428432715 0.07545316189263224
0 0.5165320272276235 0.4904103813094198 0.07216694712759862 0.08294676228869957
0 0.32596764603645373 0.4980574142443132 0.0861632548604921 0.111004667279622
0 0.4337602943163823 0.7811093229601662 0.06889040010552303 0.07362285828794526
0 0.6670234275969541 0.740160630360519 0.05877682748300757 0.09192589433481417
0 0.6911085720062242 0.7155801724780682 0.0773146616521018 0.07935079982082066