0 0.6149744114536909 0.8630209662841613 0.04728818474525909 0.09220900483858153
0 0.5440261031931822 0.46945373219343267 0.05362911295850452 0.09821730347818611
0 0.44138292231858156 0.68212747013497 0.048481398434001476 0.10154372127851562
0 0.4570861379426531 0.8469595737822943 0.04952306510066803 0.10161917845919063
0 0.49780763961417474 0.8240142064930244 0.05053442236291967 0.0998427837880134
0 0.6200000119201211 0.5979593401694941 0.05770485141192575 0.09296357664532993
0 0.6696084317757582 0.7365778270753842 0.043212446291837854 0.09746273167143782
0 0.4698308680828042 0.41783770465956055 0.044526897598240585 0.1142048555187793
0 0.42092601442740357 0.5446958583620493 0.054973873669322396 0.11681127917737955
0 0.5641161668861362 0.7751774909428474 0.05249651807859242 0.09258629074195583
0 0.7123981120784056 0.712857448221538 0.04753065998058001 0.10702381965339657
0 0.6036556017854682 0.6800099014313552 0.04443596938499515 0.10864929996322374
0 0.7013935433708868 0.4854773961049622 0.04342461212274363 0.11042569463440077
0 0.5732868294183369 0.28660771960916737 0.0527086839094982 0.10554925370491869
0 0.3859018043455122 0.6614615728925372 0.04642837450508317 0.10324465876901782
0 0.47014197769826543 0.5639830865945072 0.04351554033598906 0.11598125018995634
0 0.359215624614818 0.4930593910703492 0.06576540010552302 0.07690056742406202
0 0.4316130236207726 0.40304648052789205 0.027708683909498315 0.10373828136872273
0 0.6407791763433129 0.8186488280950732 0.04115942236291967 0.09916366916194003
0 0.5663071488075438 0.6865527021863205 0.04443596938499515 0.10864929996322374
0 0.5727964926976222 0.8923346292839005 0.03598139843400124 0.10063823511041779
0 0.5043591679857047 0.93824265269495 0.047409422362919666 0.09961641224598894
0 0.4210233925393376 0.773135461933391 0.04431473176733481 0.10124189255581634
0 0.6347531783229802 0.41868655668541066 0.05500418307373754 0.1186631310292314
0 0.5430579551327231 0.918850074748034 0.03579954200751085 0.08952712399930668
0 0.4117607381452757 0.3979090903913665 0.027890540335989065 0.11484939247983385
0 0.5390593686547576 0.22956346019794302 0.044000490806630904 0.14561087981958595
0 0.6575925058059878 0.5109741696299855 0.02767837450508305 0.10188642951687088
0 0.6746188775399808 0.470590275034791 0.02467461212274363 0.10906746538225373
0 0.5941355046620813 0.8929555755618087 0.02672763605166182 0.10736652789175162
0 0.5031722169874475 0.5478791978575834 0.03753832497572513 0.1321951737725739