0 0.44593750000000004 0.18714814814814815 0.04736458333333336 0.09638888888888891
0 0.55453125 0.2623333333333333 0.049479166666666664 0.08718518518518516
0 0.48714583333333333 0.20975925925925926 0.046614583333333334 0.09331481481481484
0 0.4140833333333333 0.48714814814814816 0.04974999999999999 0.09703703703703699
0 0.35365625 0.5331111111111111 0.06080208333333334 0.057703703703703646
0 0.5993541666666666 0.1734074074074074 0.04380208333333328 0.08149999999999999
0 0.70459375 0.3327777777777778 0.043656250000000084 0.10235185185185182
0 0.46514583333333337 0.46212962962962967 0.043333333333333356 0.1010740740740741
0 0.6130104166666667 0.44177777777777777 0.052833333333333364 0.09309259259259256
0 0.5414375 0.5682222222222222 0.051770833333333384 0.09737037037037044
0 0.559625 0.35157407407407404 0.0425624999999999 0.09885185185185184
0 0.6940416666666667 0.5665925925925925 0.044614583333333256 0.11198148148148153
0 0.6292916666666667 0.6278703703703704 0.0483645833333334 0.11051851851851843
0 0.59575 0.3616111111111111 0.04266666666666671 0.10340740740740736
0 0.37769791666666663 0.36368518518518517 0.045364583333333285 0.0963333333333333
0 0.4970833333333333 0.09653703703703705 0.04348958333333333 0.09277777777777779
0 0.5739375 0.7499259259259259 0.0515625 0.10198148148148158
0 0.4661458333333333 0.6117777777777778 0.04205208333333334 0.11861111111111103
0 0.6582291666666666 0.3083888888888889 0.04114583333333333 0.09644444444444442
0 0.42773958333333334 0.6261481481481481 0.02677083333333338 0.1
0 0.6282395833333333 0.22525925925925927 0.03905208333333334 0.09690740740740743
0 0.43128124999999995 0.34524074074074074 0.043156249999999945 0.09320370370370368
0 0.5615208333333332 0.14624074074074073 0.030135416666666734 0.09242592592592593
0 0.5319375000000001 0.11692592592592593 0.03453124999999998 0.08964814814814814
0 0.6529791666666667 0.5376111111111112 0.029999999999999954 0.09770370370370368
0 0.49795833333333334 0.48442592592592587 0.03430208333333328 0.1051111111111111
0 0.40972916666666664 0.25631481481481483 0.03609374999999997 0.09703703703703702
0 0.405875 0.6236851851851852 0.027531249999999948 0.112425925925926
0 0.5405520833333333 0.8062222222222223 0.040927083333333295 0.12301851851851864
0 0.6707604166666666 0.5628333333333333 0.023062500000000104 0.12301851851851843
0 0.5848229166666666 0.1474814814814815 0.03125 0.10979629629629628