0 0.36767824902381047 0.21467710630551903 0.058626901191257255 0.10544921019652552
0 0.5222614097589781 0.15984463925594766 0.06083756851697946 0.11106941414070409
0 0.291884160759955 0.40975866186009824 0.05684068050683114 0.11834752477086535
0 0.662746668998148 0.46774417942111096 0.06432512055757253 0.08156908128832048
0 0.5427330540425468 0.4390378922623719 0.052589124511905304 0.11451452428991563
0 0.5606164832188735 0.3096877046724379 0.059880791178571965 0.11474079365009633
0 0.4877148587069681 0.19890662482550212 0.060964902509368105 0.11662496969625959
0 0.3331591004811687 0.36863471717566704 0.05237690119125726 0.10525526503065637
0 0.4280392012670778 0.27859153006765924 0.06175190119125726 0.10554618277945998
0 0.5638369605062478 0.5866365291072243 0.05484223650175698 0.12198658008594605
0 0.483809903193211 0.5742945151572403 0.062006569176034886 0.1166572938905711
0 0.40243965878278865 0.3896494684992553 0.05375812517096072 0.12010240403978274
0 0.43736821181196495 0.36725414959636754 0.05363079117857197 0.11454684848422719
0 0.3972490029905369 0.4815424045261026 0.06908601252205351 0.10762430399149243
0 0.4058086923946166 0.6730797744155232 0.06005056983509031 0.12214820105750353
0 0.595294776045084 0.43555366859778855 0.06096490250936834 0.11662496969625964
0 0.4089107440808946 0.17170130976923606 0.04295945652712767 0.1031124954300009
0 0.6158672612163364 0.30982637422577947 0.0578399025093681 0.11652799711332507
0 0.4313507944738492 0.12745549687870847 0.044915455868072246 0.09762158826306835
0 0.3512644779464298 0.27170809909029625 0.04829512385284976 0.10882967195711404
0 0.46541895685665546 0.09026152525816163 0.05562923518364613 0.11090779316914649
0 0.4819741482626888 0.767081052915702 0.060922457845238635 0.11477311784440779
0 0.3313737427875711 0.6318401115959663 0.054969570494145734 0.1275421356415016
0 0.5281505837000421 0.6896682140514464 0.04211056324453585 0.06607545839296386
0 0.6029419051703774 0.5872762236723944 0.03796334651444226 0.11221013371770268
0 0.5985674229648744 0.7375186551297307 0.04536289723692448 0.07172798653145399
0 0.5662430830161992 0.21407490284473116 0.051462568516979466 0.11077849639190036
0 0.6234993481868684 0.574592702749127 0.03809068050683114 0.11776568927325823
0 0.6076957075528919 0.7946836310798018 0.03603034190105418 0.07328892063450212
0 0.5178037642068732 0.8067389331470071 0.05934846048146045 0.13693069167800712
0 0.35511985280025643 0.6218373958675424 0.03730368182494199 0.12884447619005768
0 0.3694175708484609 0.5861835098648401 0.03500812517096061 0.1195205685421755
0 0.38507974473995005 0.17800032179395645 0.04251201515827532 0.12900609716161532
0 0.512098501672426 0.4668594699435691 0.05118490580464557 0.14407950553092225