0 0.6526041666666667 0.5015190621015471 0.06770833333333333 0.09819893269556237
0 0.59375 0.44898485801441335 0.052083333333333336 0.1302384952359027
0 0.5916666666666667 0.5898981015275533 0.036458333333333336 0.11783361333179856
0 0.5671875 0.5947027868810201 0.03229166666666667 0.11563675593514855
0 0.5291666666666667 0.5774805921069327 0.052083333333333336 0.1487570137544211
0 0.44375 0.7706643168864056 0.058333333333333334 0.14742267021976652
0 0.4166666666666667 0.6997587047794454 0.05416666666666667 0.12485544245274612
0 0.3614583333333333 0.575626324544317 0.052083333333333336 0.13949775449516186
0 0.29791666666666666 0.4901469183617479 0.052083333333333336 0.1450533100507174
0 0.3223958333333333 0.5020088996749477 0.034375 0.11210555500384392
0 0.34427083333333336 0.47427169463883156 0.030208333333333334 0.11546425316274946
0 0.30572916666666666 0.2515370700022884 0.04895833333333333 0.1522019632995263
0 0.3536458333333333 0.24664358031118386 0.03854166666666667 0.1124505605486421
0 0.384375 0.15706212738126057 0.03854166666666667 0.1143024124004939
0 0.41354166666666664 0.300017458938044 0.052083333333333336 0.11912738412479147
0 0.39375 0.378508087127687 0.04791666666666667 0.12063423043184526
0 0.4484375 0.291572481944804 0.04895833333333333 0.11701677811434111
0 0.46510416666666665 0.20500727458042628 0.052083333333333336 0.11357182856923602
0 0.4161458333333333 0.11739442306513774 0.051041666666666666 0.1153374290348883
0 0.4375 0.09155219557397322 0.0375 0.13088282768096102
0 0.46041666666666664 0.08780281322573161 0.03854166666666667 0.11985796795604944
0 0.49166666666666664 0.0583634197878937 0.0375 0.09940134619947956
0 0.5260416666666666 0.044846342433903466 0.042708333333333334 0.08969268486780693
0 0.5354166666666667 0.15474086156751327 0.04895833333333333 0.1281278892254522
0 0.571875 0.14246280379127027 0.05625 0.1231760933732934
0 0.6046875 0.20826440364450344 0.036458333333333336 0.11968546518365036
0 0.5864583333333333 0.30884787697706934 0.0375 0.10866060545873885
0 0.6317708333333333 0.32454038612183406 0.053125 0.12291733921469483
0 0.5395833333333333 0.418284744911604 0.042708333333333334 0.11649926979714396
0 0.50625 0.43400775223295207 0.03854166666666667 0.12170981980790135
0 0.4588541666666667 0.5147840421568828 0.04895833333333333 0.12627603737360046