0 0.6832811267907527 0.376746195474219 0.052368164584494774 0.09027044161960632
0 0.669342167190378 0.6564933998841322 0.055505285063267705 0.09416814959826407
0 0.6000390443021135 0.1845033770592455 0.060683317199668824 0.08523223079726179
0 0.4646906813727983 0.791966602068609 0.03680376697835873 0.10781893876335394
0 0.5137675366280647 0.599603297960028 0.05858180314817621 0.07954733905840351
0 0.5786474744374341 0.6721635722067582 0.057582558157214456 0.09244563392971519
0 0.6581141229537283 0.5854116805055966 0.05863028506326747 0.09436215387321832
0 0.610703833529725 0.26851572535491836 0.05337953005422923 0.08107585045199844
0 0.6319637192320042 0.4578367182425604 0.051344678635987386 0.09576132908351048
0 0.428378141038637 0.5859671811112811 0.06275453005422935 0.0816578632768609
0 0.45798114494112524 0.4544445543441866 0.05759467863598715 0.0961493376334187
0 0.5796110524998738 0.3777191277623136 0.06170680314817621 0.07974134333335757
0 0.5819970505486296 0.4445474646581088 0.0585878633875628 0.08139919091025537
0 0.531812560501242 0.3386332844352389 0.05242876697835885 0.10878896013812484
0 0.4267436126737962 0.2895092145858563 0.06174316458449466 0.09085245444446867
0 0.5009705848981306 0.6895680216009522 0.05863028506326747 0.09436215387321832
0 0.6949845525653375 0.4617491377874692 0.053318927660365036 0.06255733193347991
0 0.5627134022287272 0.7656379952764317 0.05861210434510819 0.08880659831766277
0 0.7120053959822114 0.513742087225643 0.050206048139138204 0.06606703136222947
0 0.6573849058693599 0.3306850487384899 0.05647422885729725 0.07201059546769334
0 0.7227156370052209 0.583865546632427 0.05651665053300216 0.08497355843065629
0 0.3550561328408769 0.3869313021595883 0.0575886183966008 0.09429748578156684
0 0.46982768084908705 0.17734579152874833 0.06587346981484288 0.0800000156999632
0 0.3838894863412909 0.49059386057767906 0.0325037750451911 0.06681952565600786
0 0.41774330575405944 0.651987166861434 0.05953256622404671 0.05183422937227702
0 0.3382285225765722 0.5942622800723253 0.034605289096683596 0.07250441739486599
0 0.627481572863346 0.7131659354773361 0.05649240957545653 0.07756615102324889
0 0.4186607375133047 0.6900147979160484 0.06369317265132703 0.05024104988703071
0 0.3048982193629321 0.591266975213555 0.036628020036152974 0.05411523505965045
0 0.32364250637744374 0.43499125941004685 0.0710999838663355 0.08587891171377558
0 0.4686435985568397 0.22079964195561547 0.06993105217255409 0.04692535473323542
0 0.48363262067516455 0.25692251446974573 0.06471665859983441 0.04475016242312654
0 0.698248938071225 0.4193505494698307 0.06891968670281964 0.05611994590084329
0 0.5077175245278164 0.5381041782990087 0.07730150195124423 0.07145210544886899