0 0.36530405362423074 0.5191982172669964 0.06429510697527784 0.07110465833580258
0 0.509079670663904 0.228247384101688 0.0557934022605482 0.10405007069654328
0 0.5753610781630407 0.29573454339436295 0.056738036117740386 0.10038946932312771
0 0.4692409081881082 0.19700141708625582 0.05593895147475981 0.10960562625209888
0 0.6284447419342232 0.4949394728098363 0.06071063716545808 0.09315447123687245
0 0.7243351306855181 0.40179042079983646 0.05295950068897166 0.11503187481679017
0 0.579315242347005 0.7842570624758034 0.058070801212830266 0.11154368276452681
0 0.6275385722354805 0.22204993864341654 0.050536552522477504 0.10198270719325114
0 0.4274273334699252 0.4875466489901652 0.05901543507002257 0.1078830813911113
0 0.639425091396104 0.6757536423471202 0.057368749379324416 0.12446354339720157
0 0.45032684491226366 0.3488309435976961 0.05177228480809314 0.10943321693094653
0 0.39491303487638907 0.3585620059643216 0.0548487684033559 0.10771067206995895
0 0.5505052685399477 0.5980805236939926 0.06105025199861866 0.10611743419983542
0 0.47964336889869397 0.47490850185489786 0.05286246787949705 0.11132817111308647
0 0.5782834735308673 0.3874227612261737 0.05186931761756763 0.11313692063465033
0 0.6761387766740204 0.36927370921617386 0.04636988585581084 0.10181029787209889
0 0.47417393948004166 0.6235946549563792 0.05012559911739487 0.12601367893703713
0 0.6145848465663967 0.4027986805100009 0.05608450068897165 0.11516118180765433
0 0.5879780610693319 0.18156626353386918 0.04116155252247751 0.1015947862206585
0 0.5116211149697525 0.5039793495413177 0.04358450068897154 0.11464395384419748
0 0.6518379564371586 0.2757759676875318 0.048598768403356016 0.10745205808823052
0 0.712000707194426 0.6260361300197954 0.05092468376037544 0.11679752200806585
0 0.4358505966346925 0.6303332020690541 0.03500858533195199 0.10503987594263393
0 0.5196618366415992 0.1158447514324699 0.05167525199861866 0.10572951322724287
0 0.5573687493793245 0.14515266193547408 0.04414100330826566 0.09616853765596715
0 0.6653668531829282 0.5935840719315647 0.03917525199861866 0.10521228526378608
0 0.4312586162111038 0.2564746396464204 0.0432934022605482 0.10353284273308648
0 0.41792393948004164 0.6212671291208236 0.034015435070022686 0.10684862546419759
0 0.5437187932153495 0.8355047075283547 0.05211189964125372 0.12239617989390959
0 0.6832335828492496 0.6202211863072438 0.03341041604599108 0.12347218980057606
0 0.6085088848906495 0.1907400923078198 0.0343065334984459 0.1179597365753087