0 0.3375 0.5188925709830908 0.059375 0.1005973555947618
0 0.5052083333333334 0.7995596955902576 0.042708333333333334 0.10494559625952005
0 0.31979166666666664 0.587054243356063 0.059375 0.100597355594762
0 0.49166666666666664 0.6893194929822256 0.04791666666666667 0.0997673266073388
0 0.4796875 0.32826655021927975 0.06145833333333333 0.10815567736351894
0 0.32916666666666666 0.3145852098339884 0.053125 0.09458905695515732
0 0.434375 0.34998416285992445 0.06145833333333333 0.08963715884500043
0 0.37395833333333334 0.4067187574918952 0.05416666666666667 0.10207192154323955
0 0.43020833333333336 0.1524601119150029 0.06145833333333333 0.09334086254870412
0 0.4088541666666667 0.6360984248963539 0.059375 0.09133809633550254
0 0.27395833333333336 0.4855859792582222 0.05625 0.09296357664532993
0 0.6515625 0.4471984665121089 0.06041666666666667 0.10622836833099226
0 0.5630208333333333 0.6139327543028961 0.071875 0.09039173065174871
0 0.4239583333333333 0.4066369984605835 0.059375 0.08393068892809513
0 0.5854166666666667 0.3238884170207384 0.06770833333333333 0.0993491611883087
0 0.41302083333333334 0.7326965499153496 0.057291666666666664 0.0948908856778566
0 0.3104166666666667 0.37618994354480434 0.05625 0.07259320627495956
0 0.478125 0.5929681792630823 0.065625 0.09179083941955166
0 0.54375 0.47827753720115246 0.058333333333333334 0.10422560211779068
0 0.41302083333333334 0.2345484017672015 0.05625 0.08185246553421882
0 0.559375 0.20163161713349717 0.07083333333333333 0.0940199771747776
0 0.29010416666666666 0.4247185285216451 0.053125 0.0760705384366388
0 0.35260416666666666 0.6579496630658388 0.059375 0.08207883707624328
0 0.5666666666666667 0.7216042618426655 0.07291666666666667 0.06268941005464576
0 0.5677083333333334 0.6827908301344514 0.065625 0.054753802382514614
0 0.6796875 0.5075691437236628 0.07604166666666666 0.090693559374448
0 0.540625 0.2780511656591279 0.06875 0.06423943318379834
0 0.5583333333333333 0.24692653032319273 0.06875 0.056832025776390925
0 0.35885416666666664 0.27043944318692487 0.06145833333333333 0.06926678847463005
0 0.3109375 0.33270915361662323 0.06458333333333334 0.07134501186850636
0 0.4875 0.539943590185452 0.07604166666666666 0.07217504085592948