0 0.3448645833333333 0.526462962962963 0.06323958333333338 0.08201851851851845
0 0.4069895833333333 0.4801666666666667 0.04613541666666663 0.11905555555555554
0 0.40030208333333334 0.6216851851851851 0.02976041666666672 0.10846296296296305
0 0.42521875 0.628962962962963 0.026041666666666668 0.10979629629629623
0 0.46428125 0.615074074074074 0.04464583333333335 0.13757407407407402
0 0.5379479166666666 0.8167962962962962 0.05059374999999999 0.13359259259259257
0 0.5691979166666666 0.7480185185185185 0.04761458333333337 0.112425925925926
0 0.6316979166666666 0.6309444444444444 0.04464583333333323 0.12698148148148158
0 0.7001458333333334 0.5522407407407407 0.04464583333333323 0.13359259259259257
0 0.6748541666666666 0.5615 0.028270833333333436 0.10449999999999991
0 0.6547604166666667 0.5317407407407407 0.023812499999999896 0.10846296296296305
0 0.7064687500000001 0.3141481481481481 0.040927083333333295 0.14153703703703704
0 0.6588541666666666 0.3042407407407407 0.03198958333333337 0.10316666666666663
0 0.6331875 0.21164814814814817 0.0327395833333334 0.10581481481481485
0 0.5956145833333333 0.35118518518518516 0.0453854166666666 0.10714814814814817
0 0.6108645833333333 0.43122222222222223 0.041666666666666664 0.108462962962963
0 0.5613854166666666 0.33862962962962967 0.04240625000000004 0.10581481481481479
0 0.5502187500000001 0.2519814814814815 0.04538541666666666 0.10185185185185185
0 0.6034270833333333 0.16931481481481483 0.04464583333333323 0.10316666666666668
0 0.5837083333333334 0.14153703703703704 0.03051041666666663 0.12168518518518515
0 0.5613854166666666 0.13492592592592592 0.03198958333333337 0.1111111111111111
0 0.531625 0.10316666666666667 0.03198958333333337 0.08994444444444445
0 0.4988854166666667 0.07738888888888888 0.037947916666666616 0.09655555555555556
0 0.48214583333333333 0.19444444444444445 0.043156249999999945 0.11640740740740743
0 0.4468020833333333 0.1779074074074074 0.04985416666666668 0.10979629629629628
0 0.40996875 0.2394259259259259 0.02976041666666672 0.1111111111111111
0 0.4226145833333333 0.34127777777777774 0.03273958333333328 0.10053703703703708
0 0.3761145833333333 0.3531666666666667 0.046875 0.1111111111111111
0 0.46316666666666667 0.4556851851851852 0.036458333333333336 0.10714814814814817
0 0.49553125 0.4748703703703704 0.03273958333333328 0.11375925925925921
0 0.5379479166666666 0.5601851851851852 0.04315625000000001 0.11507407407407405