0 0.45078125 0.5599814814814814 0.04741666666666665 0.08437037037037028
0 0.4406041666666667 0.18081481481481482 0.04890625000000005 0.09775925925925924
0 0.4048125 0.4823148148148148 0.04637499999999998 0.09470370370370368
0 0.60109375 0.1725925925925926 0.04816666666666668 0.0886111111111111
0 0.5374270833333333 0.5649444444444445 0.05018750000000001 0.10094444444444443
0 0.4810416666666667 0.1992037037037037 0.0485625 0.10344444444444446
0 0.57003125 0.7544814814814815 0.05060416666666659 0.10437037037037039
0 0.5949583333333333 0.3565 0.040072916666666694 0.10759259259259263
0 0.6942916666666666 0.5619259259259259 0.043020833333333286 0.11412962962962962
0 0.5259583333333333 0.11075925925925927 0.035343749999999945 0.08803703703703702
0 0.4625 0.6143518518518518 0.038479166666666724 0.10696296296296294
0 0.4594375 0.4596111111111111 0.04404166666666664 0.10120370370370366
0 0.7036666666666667 0.328037037037037 0.04971875000000002 0.10457407407407412
0 0.37616666666666665 0.3620555555555555 0.04539583333333338 0.09885185185185184
0 0.42434375 0.6288148148148148 0.02482291666666671 0.10103703703703715
0 0.5506770833333333 0.25537037037037036 0.05077083333333334 0.09072222222222225
0 0.5540520833333333 0.3485 0.043239583333333324 0.10457407407407412
0 0.6136354166666667 0.43937037037037036 0.054010416666666575 0.09318518518518523
0 0.4220729166666667 0.5376296296296296 0.035520833333333356 0.09390740740740748
0 0.4238854166666667 0.3399814814814815 0.048281250000000026 0.0978518518518518
0 0.34834375 0.5316296296296296 0.05427083333333336 0.05718518518518518
0 0.62725 0.21816666666666668 0.040156249999999956 0.09975925925925927
0 0.62853125 0.6281111111111112 0.044916666666666556 0.11503703703703705
0 0.6548645833333333 0.30598148148148147 0.0392916666666667 0.09551851851851849
0 0.6033854166666667 0.5594444444444445 0.04592708333333325 0.09781481481481491
0 0.5539583333333333 0.14024074074074075 0.029999999999999954 0.09438888888888888
0 0.49392708333333335 0.0867037037037037 0.04051041666666665 0.0995
0 0.6523958333333333 0.5392407407407407 0.03135416666666657 0.10340740740740746
0 0.40253125 0.6236851851851852 0.028270833333333318 0.10979629629629623
0 0.5386875 0.8095185185185185 0.041666666666666664 0.12433333333333331
0 0.6703854166666667 0.5608518518518518 0.023812499999999896 0.11375925925925917
0 0.4051354166666667 0.2427222222222222 0.036458333333333336 0.10185185185185185
0 0.5814687500000001 0.1402037037037037 0.027531250000000066 0.11640740740740739
0 0.4933020833333333 0.4827962962962963 0.03422916666666668 0.1216851851851852