0 0.6025833333333334 0.1819259259259259 0.04668749999999993 0.08885185185185183
0 0.4440208333333333 0.18961111111111112 0.047458333333333276 0.09405555555555555
0 0.7036874999999999 0.3396111111111111 0.043052083333333255 0.10311111111111113
0 0.35035416666666663 0.5439814814814815 0.057260416666666696 0.05979629629629623
0 0.4628333333333333 0.46864814814814815 0.039437500000000014 0.10040740740740746
0 0.4274479166666667 0.3497222222222222 0.04642708333333338 0.09744444444444446
0 0.48358333333333337 0.2135185185185185 0.04773958333333338 0.09975925925925924
0 0.6574270833333333 0.3168703703703704 0.040718749999999915 0.09001851851851854
0 0.5528333333333334 0.2677962962962963 0.0495833333333333 0.0875
0 0.46325000000000005 0.620074074074074 0.04094791666666661 0.10737037037037041
0 0.5394270833333333 0.5763333333333334 0.049312499999999974 0.09870370370370361
0 0.5934062499999999 0.36477777777777776 0.0391354166666666 0.10466666666666663
0 0.5559791666666667 0.3561666666666667 0.0401458333333333 0.10031481481481484
0 0.6110833333333333 0.4522407407407408 0.05757291666666665 0.08735185185185187
0 0.6293333333333333 0.6403518518518518 0.045750000000000075 0.10488888888888886
0 0.41165625 0.4857592592592593 0.04818749999999999 0.1007037037037037
0 0.55625 0.15512962962962962 0.03026041666666662 0.0918888888888889
0 0.37409375 0.3718518518518519 0.045145833333333364 0.09946296296296292
0 0.5280312500000001 0.122 0.033531249999999936 0.0856111111111111
0 0.6267604166666667 0.22944444444444445 0.0357812499999999 0.09618518518518518
0 0.49 0.09949999999999999 0.04246874999999998 0.09590740740740741
0 0.568125 0.7621666666666667 0.047885416666666694 0.09864814814814811
0 0.6956041666666667 0.5712777777777778 0.03958333333333333 0.11216666666666676
0 0.5122916666666667 0.7052962962962963 0.03502083333333334 0.053370370370370464
0 0.42510416666666667 0.635962962962963 0.02358333333333332 0.10277777777777777
0 0.45064583333333336 0.7796111111111111 0.037864583333333354 0.057388888888888906
0 0.40895833333333337 0.26046296296296295 0.03845833333333329 0.0955925925925926
0 0.4036458333333333 0.6322777777777778 0.023062499999999986 0.1111111111111111
0 0.44940625 0.8386296296296296 0.026781250000000038 0.06349999999999993
0 0.5386875 0.8148148148148148 0.04315625000000001 0.12168518518518526
0 0.6711354166666667 0.5707592592592592 0.020833333333333332 0.12301851851851843
0 0.6525312499999999 0.5416666666666666 0.019343749999999934 0.112425925925926
0 0.5799895833333333 0.1527777777777778 0.026041666666666668 0.12037037037037036
0 0.49665625 0.4834629629629629 0.03347916666666665 0.13359259259259257