0 0.3526770833333333 0.5297592592592593 0.06101041666666672 0.06481481481481481
0 0.3828125 0.3670555555555556 0.04240625000000004 0.08862962962962966
0 0.40811458333333334 0.2519814814814815 0.03051041666666663 0.08862962962962966
0 0.4464270833333333 0.18585185185185185 0.040177083333333384 0.09655555555555559
0 0.48251041666666666 0.20833333333333334 0.037947916666666616 0.10450000000000001
0 0.4973958333333333 0.08598148148148148 0.034968750000000055 0.08201851851851853
0 0.5260416666666666 0.11375925925925925 0.03273958333333334 0.09524074074074072
0 0.562125 0.1521111111111111 0.023062500000000104 0.09788888888888887
0 0.5814687500000001 0.1501296296296296 0.026041666666666668 0.12037037037037036
0 0.6008229166666667 0.18320370370370373 0.036458333333333336 0.11507407407407405
0 0.6264895833333333 0.2301666666666667 0.03422916666666656 0.10846296296296298
0 0.6555104166666667 0.3101851851851852 0.03125 0.08862962962962966
0 0.7008958333333334 0.33796296296296297 0.037197916666666705 0.11772222222222221
0 0.5643645833333333 0.35185185185185186 0.027531250000000066 0.10316666666666663
0 0.5944895833333333 0.3604444444444444 0.03125 0.0992037037037037
0 0.6134687499999999 0.43650000000000005 0.0453854166666666 0.09259259259259264
0 0.469125 0.46362962962962967 0.036458333333333336 0.10185185185185185
0 0.4992604166666667 0.4827962962962963 0.022322916666666616 0.10316666666666668
0 0.5383229166666667 0.5608518518518518 0.040927083333333295 0.10316666666666674
0 0.4613125 0.6144259259259259 0.03125 0.11507407407407405
0 0.4270833333333333 0.6342592592592593 0.020833333333333332 0.11507407407407405
0 0.405875 0.6329444444444445 0.020093749999999962 0.10449999999999991
0 0.5424062500000001 0.8167962962962962 0.037197916666666705 0.11507407407407405
0 0.5729166666666666 0.7486851851851852 0.038687500000000104 0.09524074074074065
0 0.6328125 0.6269814814814815 0.03496874999999993 0.10846296296296305
0 0.6547604166666667 0.5370370370370371 0.023812499999999896 0.10846296296296305
0 0.6707604166666666 0.5707592592592592 0.023062500000000104 0.10714814814814817
0 0.6938229166666667 0.5641481481481482 0.027531250000000066 0.11507407407407405