0 0.3250628737136604 0.44166666666666665 0.06520868390949831 0.10185185185185185
0 0.621456054588261 0.6620370370370371 0.06514806510066815 0.09814814814814815
0 0.31898358322359854 0.3675925925925926 0.06202306510066814 0.09814814814814815
0 0.4923700456586996 0.3388888888888889 0.06949658819382544 0.10925925925925926
0 0.3448768342134321 0.5675925925925925 0.05690565998058013 0.1037037037037037
0 0.5587958027626666 0.44907407407407407 0.07020485141192576 0.08888888888888889
0 0.5309253013549525 0.24259259259259258 0.04354584974040421 0.11481481481481481
0 0.3573345014520521 0.7611111111111111 0.06288287534084394 0.08703703703703704
0 0.3648247449200383 0.8444444444444444 0.06618973176733481 0.09814814814814815
0 0.2593924096070377 0.4444444444444444 0.06079954200751067 0.08703703703703704
0 0.26978991378584183 0.5092592592592593 0.054337376176604835 0.07407407407407407
0 0.41237945161454836 0.3574074074074074 0.06291318474525909 0.08888888888888889
0 0.47467843270019505 0.43333333333333335 0.07127682748300757 0.09074074074074075
0 0.43365627909755594 0.26666666666666666 0.0630647317673347 0.09814814814814815
0 0.5403743219851654 0.7472222222222222 0.07041701724283177 0.10185185185185185
0 0.2906152315478651 0.6370370370370371 0.0555912086741774 0.08703703703703704
0 0.4364900212021662 0.6981481481481482 0.06640189759824058 0.1111111111111111
0 0.49364285343593106 0.8657407407407407 0.06707985141192575 0.08888888888888889
0 0.2803692743911366 0.562962962962963 0.0583524958211959 0.06481481481481481
0 0.28010206320967684 0.6111111111111112 0.07231849414967423 0.09074074074074075
0 0.5718054891794473 0.3861111111111111 0.06141687701236573 0.06111111111111111
0 0.5217328470136521 0.5814814814814815 0.06324658819382543 0.10925925925925926
0 0.3949733358849538 0.5935185185185186 0.06309504117174984 0.1
0 0.3129767476911284 0.7027777777777777 0.06058737617660483 0.07407407407407407
0 0.4898287527056933 0.7805555555555556 0.06671613855894426 0.06666666666666667
0 0.3631674961293415 0.30925925925925923 0.05853435224768665 0.07592592592592592
0 0.571905998636624 0.34814814814814815 0.06555323427461725 0.05925925925925926
0 0.6561891939829662 0.6083333333333333 0.08276547022075605 0.09259259259259259
0 0.49806157658184996 0.8185185185185185 0.07171230606137181 0.053703703703703705
0 0.39340682809929883 0.6574074074074074 0.06386392319868044 0.08333333333333333
0 0.47830510354566586 0.4981481481481482 0.0670495420075106 0.08703703703703704