0 0.30840625 0.47751851851851856 0.03347916666666665 0.09259259259259259
0 0.7020104166666666 0.4417962962962963 0.057291666666666664 0.0820185185185185
0 0.5673333333333334 0.3869074074074074 0.036458333333333336 0.056870370370370335
0 0.45759375 0.44048148148148153 0.03125 0.058203703703703716
0 0.38504166666666667 0.7242037037037037 0.037947916666666616 0.07538888888888895
0 0.4203854166666667 0.7149444444444444 0.04761458333333337 0.09127777777777771
0 0.4813958333333333 0.7215555555555555 0.03422916666666668 0.07538888888888895
0 0.6041666666666666 0.6765925925925926 0.04910416666666677 0.06216666666666676
0 0.5755208333333334 0.6124259259259259 0.0453854166666666 0.07407407407407407
0 0.45275 0.5191851851851852 0.034968750000000055 0.05159259259259262
0 0.421875 0.5740740740740741 0.026781250000000038 0.05820370370370361
0 0.4423333333333333 0.6170555555555555 0.040927083333333295 0.06216666666666676
0 0.50334375 0.547611111111111 0.037947916666666616 0.04761111111111118
0 0.51971875 0.47950000000000004 0.027531249999999948 0.07011111111111114
0 0.5379479166666666 0.5390185185185185 0.03125 0.05951851851851849
0 0.5851979166666667 0.509925925925926 0.03051041666666663 0.05159259259259262
0 0.6179270833333333 0.46825925925925926 0.036458333333333336 0.04498148148148147
0 0.6231354166666667 0.5085925925925926 0.03198958333333337 0.046296296296296294
0 0.6108645833333333 0.5515925925925926 0.041666666666666664 0.04233333333333336