0 0.6669652595007017 0.5868872852105594 0.0470931686179109 0.06957673079097891
0 0.7094924801602389 0.32651104591365177 0.05343407220870707 0.097742517118665
0 0.6219530886042272 0.3331159632519725 0.06593407220870708 0.09851853421848172
0 0.5181951408422453 0.360940747391919 0.04708710837852444 0.06772487893912706
0 0.48692696012408604 0.36455626019793297 0.03354544171185777 0.06688419374765915
0 0.4469409681254543 0.3259554275582436 0.04087953005422922 0.0802998333521817
0 0.3994478237080404 0.5119342523228201 0.04399240957545653 0.07679013392343226
0 0.3873353317748726 0.55193131000957 0.043931807181592335 0.05827161540491375
0 0.43508534185841297 0.6058319681514596 0.05029089149054779 0.09199295728815539
0 0.3949713903248705 0.924703211010829 0.05234998386633549 0.08471488606405075
0 0.5911777756343662 0.6636803300473155 0.04710528909668359 0.0732804344946826
0 0.5527236351849044 0.7937273521094473 0.06285755412379833 0.11313934475834239
0 0.49849333600468054 0.8098090557880198 0.04603332123308495 0.06395650714377207
0 0.4772967355620606 0.7603352117610181 0.04289014051492567 0.05820694731326226
0 0.4563937094757835 0.7803381462242869 0.032455293130099726 0.052004710841193055
0 0.43708045446674526 0.7921047494916992 0.03141968670281952 0.053791894601393414
0 0.545329638956465 0.5061729703391992 0.04187271480580464 0.06554968662901839
0 0.5525664162147559 0.6825839069525105 0.03974695979676639 0.052457387482752436
0 0.5480152716009502 0.6406262338734126 0.029384835284577568 0.06847737323290547
0 0.462429265485362 0.527883708904766 0.037706048139137964 0.06529101426241284