0 0.4868558347248616 0.9153815562627826 0.05235089994916677 0.10105586411108355
0 0.6137200915639356 0.8217356943677777 0.04791753761384262 0.08059930075205346
0 0.5200060236815282 0.7827700892094758 0.05411904749226863 0.07702488653133943
0 0.49309153482652807 0.7155647163636849 0.03418191046087967 0.06550435872409378
0 0.4638880650950929 0.6723795469740556 0.0363622240373612 0.07295486262583137
0 0.42956024879590304 0.5559600364476183 0.03209857712754634 0.06546126222976403
0 0.42093553925953725 0.4937613875568439 0.03960844934129639 0.08227876662658547
0 0.4454255220358335 0.3757815752174497 0.04886222403736108 0.07321344159181094
0 0.5341135300143984 0.46833236872004796 0.046681910460879786 0.06576293769007356
0 0.492036003735116 0.5554010794256646 0.049274390070740755 0.1046949230732922
0 0.5028011754680789 0.3038401289105399 0.047021341311898134 0.09168886361599948
0 0.5576947584847687 0.3207121526274417 0.030984175278518458 0.059884158427043394
0 0.6481136754680787 0.30684610939005347 0.043362949974583384 0.0508834781337638
0 0.6433893724033103 0.264167323808801 0.03406068515694448 0.056245099464834636
0 0.64763051614669 0.42902523511794577 0.046584930217731586 0.05835553028266616
0 0.648612876582153 0.5438292758091781 0.044865272796203705 0.08609021156611397
0 0.6594547027597688 0.6560602470706998 0.054409988221712995 0.09924710875356166
0 0.7166247086489125 0.6081821007142817 0.03754936106874993 0.08408752198410736
0 0.591431619109792 0.6703895776221349 0.03418191046087955 0.06550435872409378
0 0.5537502166274773 0.6955289925265394 0.036362224037361085 0.07295486262583137