0 0.31808333333333333 0.5191851851851852 0.036458333333333336 0.07538888888888895
0 0.40959375 0.47024074074074074 0.04389583333333332 0.07803703703703702
0 0.4360104166666667 0.5271111111111111 0.041666666666666664 0.08068518518518528
0 0.3816979166666667 0.7003888888888888 0.037197916666666705 0.06216666666666676
0 0.40811458333333334 0.6818703703703703 0.03198958333333337 0.07011111111111114
0 0.484 0.4669259259259259 0.024552083333333384 0.06612962962962965
0 0.50409375 0.45437037037037037 0.027531249999999948 0.06481481481481481
0 0.5301354166666666 0.3492037037037037 0.031989583333333314 0.05555555555555555
0 0.6826666666666666 0.3042407407407407 0.06027083333333323 0.09259259259259259
0 0.5011145833333334 0.5615 0.03051041666666663 0.05159259259259262
0 0.5453854166666667 0.5257962962962963 0.03422916666666662 0.07538888888888895
0 0.5558020833333334 0.459 0.026781250000000038 0.06877777777777776
0 0.6305833333333334 0.39946296296296296 0.052822916666666705 0.06085185185185188
0 0.640625 0.45766666666666667 0.037197916666666705 0.06085185185185188
0 0.6145833333333334 0.4728888888888889 0.028270833333333436 0.0489444444444444
0 0.5822187499999999 0.46561111111111114 0.024552083333333266 0.05820370370370366
0 0.5747812499999999 0.5158703703703703 0.027531250000000066 0.0529074074074075
0 0.5989583333333334 0.5079444444444445 0.025302083333333295 0.05820370370370361
0 0.5487395833333333 0.6865 0.04389583333333338 0.0529074074074075
0 0.5505937500000001 0.7407407407407407 0.052083333333333336 0.07142592592592602