0 0.7303911822766199 0.5182603344414357 0.06493482721774531 0.1087433987316356
0 0.653459702181845 0.7254212344107817 0.05344013244809342 0.0973952569017098
0 0.6503010236113217 0.5560306605842497 0.05243482721774531 0.10848481976565605
0 0.6183392927373162 0.49835454878944796 0.041896955763350265 0.0712323002569692
0 0.5999192285299777 0.4403983097815016 0.047123469814842875 0.07689559704834965
0 0.541846138236362 0.3619646078695279 0.041884835284577565 0.06752859655326549
0 0.5094726583379787 0.337632603531642 0.05235604410572184 0.08441074569158197
0 0.43871507799697557 0.3622460324870082 0.0492795260208131 0.09916091576490184
0 0.4731237565674989 0.5309901588985911 0.04509467863598727 0.09351916722068625
0 0.5297036923601602 0.4714824460947668 0.06700604007230572 0.10508279152226187
0 0.3874374092481369 0.45034970775871136 0.0586545260208131 0.09935484998938646
0 0.38619913205531 0.5494561042035329 0.0387537750451911 0.0656120999599188
0 0.3606634953774087 0.7046244400122869 0.035689377439055175 0.08406597373694248
0 0.33821918012898405 0.6902729125115189 0.037724228857297246 0.06929425541645742
0 0.4289593246773259 0.7235834001933514 0.04092195172993414 0.09158112238017448
0 0.4920468206439097 0.742650101610241 0.05551134530265393 0.09373464969233627
0 0.5525877222179979 0.7793632662376357 0.06494694769651801 0.11244710243533931
0 0.5148668707342919 0.8718164439258239 0.05338559029361569 0.08072859023504314
0 0.5740839572563471 0.6631700123064306 0.041896955763350265 0.0712323002569692
0 0.595235105903569 0.6006912362025116 0.047123469814842875 0.07689559704834956