0 0.3840532821059488 0.605068268942839 0.04137659688439813 0.05908839828864192
0 0.39048599100902753 0.5113342387728801 0.02788342033930557 0.06223177169860079
0 0.4101088131973609 0.4438917301610282 0.030015243794213 0.06602168006288067
0 0.4338372539268054 0.42069970550732444 0.038251596884398255 0.05895909129777787
0 0.4805667835620831 0.4298712117554725 0.031880371580462946 0.049441218056790186
0 0.5135728085747914 0.4534919371862544 0.03311599873342601 0.06429913520189298
0 0.5490855845374303 0.5242055778483943 0.04355691046087955 0.0665820103566255
0 0.5912977650718053 0.48081481797020487 0.04052889070402775 0.07386011077316876
0 0.5833025561687265 0.5746135016355958 0.044695557370694416 0.07403252009432111
0 0.5635706312068515 0.650389343580781 0.03304326355106492 0.05874357964633763
0 0.5381220975822913 0.6856830587669539 0.03633797897657421 0.07183584960016476
0 0.5276197022556941 0.7721820908506577 0.04147357712754633 0.06649580569604933
0 0.48175043680476815 0.7370631075114396 0.036459204280509284 0.08109510885942402
0 0.4519780790920135 0.744773005406131 0.02815011600796306 0.08260214206897117
0 0.4136191213284256 0.652892375438559 0.04566448885499999 0.06852006686905354