0 0.5351696480214232 0.2584871624480651 0.03800907733927232 0.07932946166814824
0 0.4869745658020292 0.29752845784349724 0.03786362667090894 0.057107239445926015
0 0.457099556917029 0.3497043513477771 0.039983322671333116 0.06274899966205764
0 0.4521942458094531 0.39621615929551374 0.037984835561211835 0.07562575796444454
0 0.4719680960375437 0.47227061803703635 0.031649989337999784 0.06240418101975315
0 0.4962476329301799 0.520353338514485 0.04000756444939372 0.06645270336576156
0 0.5454726258221798 0.5590682697316864 0.042212106673030075 0.08505742654485604
0 0.5361222324952097 0.6428110752027564 0.046354531561636256 0.0815261321623047
0 0.5843051938255736 0.6019179279554723 0.046403015117757226 0.0889335395697121
0 0.618328688043695 0.5467918473522624 0.03688256444939384 0.06632339637489719
0 0.6294415760396649 0.493539943941316 0.04422271467218148 0.0740325200943209
0 0.672404083147665 0.45101045649362037 0.042187864894969354 0.08135372284115235
0 0.6386283373647258 0.384797138470246 0.04943104800551481 0.07424803174576135
0 0.6330745586940291 0.3322348723439085 0.04830453511563633 0.0612419664525104
0 0.5708347929132109 0.2949846461812337 0.043278015117757224 0.08880423257884773