0 0.5118221134269455 0.31541584513559034 0.036908074530376686 0.07629223372883787
0 0.47040346158195795 0.30110139276978903 0.04653770514125408 0.08935216052198346
0 0.4332126558951661 0.31645427818979943 0.037089953538146266 0.08555149298809712
0 0.5497652388347907 0.36487238765094027 0.04747024440325897 0.08380737872533707
0 0.5670023462147411 0.420594936469588 0.036011911069925635 0.08368886737733622
0 0.3834441422828861 0.3807411788180645 0.04951720193503846 0.08197707439130365
0 0.37282906817449085 0.4500617250350535 0.04111111699859731 0.07818718061632639
0 0.3799950790025367 0.5232691288572021 0.045314159466817945 0.08008212750381513
0 0.403207708404015 0.48555396234915016 0.045277783665263985 0.07823027565196307
0 0.4068072532910337 0.5892738266912176 0.043303577736592304 0.0837642836897005
0 0.44318787869887877 0.6387142085682038 0.03816799600636678 0.08741411859885825
0 0.543869084205569 0.4888602716537409 0.03794974119704335 0.07630300748774714
0 0.5219527520816346 0.5395491748836649 0.03442460737995058 0.05590031584064937
0 0.5109375441561465 0.5884993507302835 0.03442460737995046 0.05590031584064916
0 0.4822371471204822 0.5854252945825034 0.04014220193503846 0.08188011056112103