0 0.45796188962701406 0.34131382457609205 0.04278193946287037 0.0877719088512406
0 0.4615237361947687 0.4143003024951118 0.05220542958444448 0.09205762537980668
0 0.5005632975547456 0.5295648437882545 0.04709407649425934 0.09914169232895725
0 0.4928971388666438 0.620855263308032 0.0425637339157871 0.07110524218457394
0 0.5214949175519911 0.6552203359445558 0.0425637339157871 0.07110524218457394
0 0.5368783378912967 0.7154260937725475 0.04888646909814819 0.07704880629003781
0 0.49965236588087975 0.30073180390124804 0.03946297897657421 0.07276308976147153
0 0.53382128286419 0.2828570161360116 0.03849404749226863 0.0782539772253758
0 0.5676512044700696 0.27890345130548977 0.036386469098148196 0.07627278919022118
0 0.5898041517219446 0.21914741995582598 0.049395615374676065 0.11593769517892664
0 0.6318959778995603 0.328662401418459 0.04379936106874993 0.08598472509104013
0 0.6536021334212271 0.394035706252098 0.04687587094717595 0.08247502566229059
0 0.6378567790644678 0.4654407660888905 0.04275769440208326 0.08592005699938865
0 0.614892493223403 0.5428540581227983 0.045931184523657485 0.08981776497804672