0 0.3876458333333333 0.6077962962962963 0.038687499999999986 0.05159259259259262
0 0.39620833333333333 0.5152037037037037 0.024552083333333384 0.05687037037037044
0 0.41778125 0.45105555555555554 0.027531249999999948 0.06085185185185188
0 0.44196875 0.4318703703703704 0.03571874999999996 0.05424074074074078
0 0.48846875 0.44775925925925925 0.029020833333333346 0.04364814814814814
0 0.5208333333333334 0.47816666666666663 0.02976041666666666 0.05951851851851849
0 0.5543125 0.5535740740740741 0.040177083333333266 0.05951851851851849
0 0.5974687500000001 0.5172037037037037 0.037197916666666705 0.06877777777777776
0 0.5870520833333334 0.6104444444444445 0.041666666666666664 0.06746296296296286
0 0.5654791666666666 0.682537037037037 0.029760416666666602 0.0529074074074075
0 0.5390625 0.7136296296296296 0.03347916666666671 0.06746296296296286
0 0.52678125 0.7982777777777778 0.038687499999999986 0.05951851851851849
0 0.4817708333333333 0.7552962962962964 0.03198958333333337 0.07672222222222214
0 0.4516354166666667 0.7585925925925926 0.023812500000000014 0.07803703703703702
0 0.41592708333333334 0.6600555555555556 0.043156249999999945 0.06085185185185188