0 0.40406546358475626 0.4031794525665702 0.042115139560787655 0.07067385394359378
0 0.38644234136960437 0.4948290859106923 0.04418635200509063 0.06892976886299577
0 0.4202302080415739 0.565997798695197 0.03697953156163602 0.08151554812657048
0 0.44596315693293737 0.599725349050463 0.03789998933799978 0.06305091299367868
0 0.44175443204963405 0.6726310219632903 0.05574165245066638 0.08433730091970633
0 0.5666007315669389 0.17833275246947064 0.05255604800551481 0.0749163915035663
0 0.47499503424039313 0.2624529617303806 0.036894685338423966 0.06855258516360752
0 0.41824880758008975 0.3428227088542353 0.06913786844896942 0.06281556271063349
0 0.5129253258009686 0.330133504353689 0.039983322671333116 0.06315867976493253
0 0.547699950243999 0.313420079253671 0.039995443560363476 0.06501053161678438
0 0.5741173644706048 0.3721745713017504 0.0452280186717573 0.06898365224862249
0 0.6043927275885743 0.4635250626069314 0.04740831911733304 0.08390623383469115
0 0.5623324969233924 0.4807872299334871 0.04003180622745432 0.07056608717233993
0 0.5449271858158166 0.5261675086741264 0.03054771822618155 0.05341447003503137
0 0.5252506675949375 0.5427363169398082 0.03274013956078766 0.07018890347295188