0 0.34676487392935035 0.47864740338856054 0.04290832123308495 0.06509022027889758
0 0.36332548640675477 0.5095019877061001 0.03767574694220599 0.057197555655906424
0 0.3788201912599469 0.5478610308741638 0.042920441711857764 0.06879392398260127
0 0.4042743619600298 0.5658536408881739 0.0366643814724713 0.06635976347204893
0 0.47409329970393527 0.5510178608660188 0.04502195576335026 0.07454358242439033
0 0.5470735988841593 0.5247798154034025 0.040873469814842876 0.0797109322074789
0 0.5829323157721359 0.5455056146899488 0.04195149791782787 0.09091909476170675
0 0.5650122213141764 0.45275957050004745 0.03667044171185788 0.06821161532390078
0 0.5678163758805945 0.3914058307811444 0.04293256219063058 0.07249762768630498
0 0.5533845485319214 0.3464682546884825 0.04083710837852455 0.06859982109636778
0 0.5473708978679916 0.27482834112496074 0.04502195576335026 0.07454358242439033
0 0.5565220162645924 0.1832626631177277 0.04297498386633549 0.08546059064926795
0 0.4815553475812176 0.180065181836948 0.03043256219063058 0.0713330103689041
0 0.4492606507948577 0.18399970249949296 0.034593168617910904 0.06986936428951915
0 0.37157164077678134 0.21715596093761624 0.05753407624212319 0.0794119034454949
0 0.3494754420391773 0.2867866338356604 0.051241654566418285 0.06586663182383155
0 0.3242633336606529 0.35393068328527705 0.056510590293615694 0.08487040755793382