0 0.6359375 0.5918589085979188 0.06145833333333333 0.08645653176791855
0 0.6296875 0.6620999894852994 0.05625 0.07894138312468613
0 0.6145833333333334 0.7469727250865924 0.0625 0.08277437631137993
0 0.5505208333333333 0.8021289893674283 0.05 0.07510838993799275
0 0.5052083333333334 0.8085990480231594 0.040625 0.09343297423202654
0 0.43854166666666666 0.759997737982379 0.05 0.08621950104910386
0 0.41770833333333335 0.6882704767427832 0.040625 0.06750704830610041
0 0.41510416666666666 0.6354388283470931 0.042708333333333334 0.07310570035598614
0 0.4125 0.5594590318032546 0.05625 0.08634879053209353
0 0.4432291666666667 0.4675021125020287 0.04375 0.0694235448994473
0 0.45364583333333336 0.398273150529234 0.040625 0.06935890015795247
0 0.50625 0.3354724481221762 0.05 0.08621950104910386
0 0.5098958333333333 0.41425157069095725 0.04791666666666667 0.08062084899921834
0 0.5838541666666667 0.4083740888322629 0.041666666666666664 0.086047115071784
0 0.6135416666666667 0.4515808064690571 0.03333333333333333 0.07105991427964944
0 0.6333333333333333 0.48069392686889534 0.0375 0.08966462578682778
0 0.6598958333333333 0.5136508145790095 0.04375 0.07868280415870656