0 0.3619791666666667 0.6627037037037037 0.036458333333333336 0.07407407407407407
0 0.375375 0.5661296296296295 0.034968750000000055 0.06349999999999993
0 0.40215625 0.49074074074074076 0.036458333333333336 0.07142592592592596
0 0.44084375 0.43451851851851847 0.04240625000000004 0.06481481481481481
0 0.4795416666666667 0.44112962962962965 0.03198958333333337 0.05951851851851849
0 0.48884375 0.39748148148148144 0.037197916666666705 0.05951851851851849
0 0.5301354166666667 0.4080740740740741 0.03051041666666669 0.056870370370370335
0 0.5505937500000001 0.43716666666666665 0.028270833333333436 0.04364814814814814
0 0.5725416666666666 0.46890740740740744 0.05134374999999996 0.04364814814814814
0 0.5684479166666667 0.5224814814814814 0.041666666666666664 0.06085185185185188
0 0.5803541666666666 0.6005370370370371 0.040177083333333266 0.0529074074074075
0 0.5554270833333333 0.671962962962963 0.04240625000000004 0.0529074074074075
0 0.4140625 0.776462962962963 0.027531249999999948 0.06085185185185188
0 0.4754479166666667 0.7903518518518519 0.03125 0.08333333333333333
0 0.4441979166666667 0.7863703703703704 0.037197916666666705 0.05951851851851849
0 0.51896875 0.759925925925926 0.027531249999999948 0.040999999999999974
0 0.5465 0.7261851851851852 0.03496874999999999 0.05025925925925923