0 0.3489583333333333 0.5271111111111111 0.038687499999999986 0.05159259259259262
0 0.36309375 0.49007407407407405 0.03422916666666668 0.046296296296296294
0 0.3757395833333333 0.4470925925925926 0.038687499999999986 0.05555555555555555
0 0.3991770833333333 0.42062962962962963 0.03198958333333337 0.05555555555555555
0 0.46875 0.41137037037037033 0.040177083333333384 0.06085185185185188
0 0.5427812500000001 0.41270370370370374 0.03496874999999999 0.06877777777777776
0 0.5762604166666667 0.37962962962962965 0.03496874999999993 0.0793703703703704
0 0.5654791666666666 0.47751851851851856 0.0327395833333334 0.05820370370370366
0 0.5729166666666666 0.5377037037037037 0.038687500000000104 0.05951851851851849
0 0.562125 0.5872962962962963 0.036458333333333336 0.05555555555555555
0 0.5613854166666666 0.6600555555555556 0.040927083333333295 0.06085185185185188
0 0.57775 0.7480185185185185 0.037947916666666734 0.07275925925925919
0 0.50409375 0.776462962962963 0.026041666666666668 0.06349999999999993
0 0.4717291666666667 0.7837222222222222 0.02976041666666672 0.05951851851851849
0 0.3932291666666667 0.776462962962963 0.052822916666666705 0.06085185185185188
0 0.3660729166666667 0.7156111111111111 0.04761458333333337 0.05025925925925923
0 0.3366770833333333 0.6574074074074074 0.05134374999999996 0.06877777777777776