0 0.49159684132780807 0.43470654024275796 0.05024545409405405 0.09087159608214003
0 0.6011744459599814 0.3476733740820585 0.06005710173668935 0.10792618372139928
0 0.5046462409690619 0.5554863827508648 0.0369691916182583 0.06072473848905365
0 0.4953454516113517 0.5976479520405769 0.04961474083247002 0.06679752200806585
0 0.5126799368607473 0.6436864085304123 0.038955492142117146 0.05710723944592591
0 0.5309105395625979 0.6842124117949802 0.039803093189834965 0.049742934368806696
0 0.532280409978833 0.7166413703675316 0.048476041356328874 0.06305071597407416
0 0.5959661898245273 0.6850544555861326 0.03948917259422681 0.07747760981629628
0 0.6195235448011865 0.650882175162717 0.030864740832470025 0.06602168006288067
0 0.6509062468966219 0.6373819814216881 0.036920675213521055 0.0588728866372018
0 0.6795149749088104 0.6172925503734578 0.037114740832470024 0.06628029404460921
0 0.6934062314570462 0.5716212378663384 0.03488585828492508 0.06063853382847747
0 0.6994821159349139 0.4460832329130051 0.03990012599930945 0.053446638072510405
0 0.6631564846970159 0.429781387703252 0.03905252495159175 0.060810943149629614
0 0.6845819899356046 0.39367105076740844 0.045642139784752324 0.07403252009432111
0 0.6766282488269446 0.5071073651882726 0.03146975985650139 0.04939811572650199
0 0.6918908118265994 0.5336367237382315 0.03568494292790542 0.0514223768995062