0 0.45721875 0.44907407407407407 0.04240625000000004 0.07011111111111114
0 0.3831875 0.6243333333333333 0.050593750000000055 0.08464814814814822
0 0.5215729166666666 0.49074074074074076 0.028270833333333318 0.052907407407407445
0 0.546875 0.48148148148148145 0.028270833333333377 0.07672222222222218
0 0.5688229166666667 0.5191851851851852 0.024552083333333266 0.05951851851851849
0 0.5870520833333334 0.557537037037037 0.019343749999999934 0.06216666666666676
0 0.6045416666666666 0.5648148148148148 0.026041666666666668 0.07672222222222214
0 0.5721770833333333 0.6699814814814815 0.037197916666666705 0.05424074074074067
0 0.5479895833333334 0.7056851851851852 0.03198958333333337 0.040999999999999974
0 0.5334791666666666 0.7572777777777778 0.026781250000000038 0.05424074074074067
0 0.5148854166666667 0.8035740740740741 0.03125 0.05159259259259262
0 0.48660416666666667 0.8201111111111111 0.028270833333333318 0.05025925925925923
0 0.4155520833333333 0.8108518518518518 0.023062499999999986 0.06085185185185188
0 0.4144375 0.7453703703703703 0.026781250000000038 0.05687037037037044
0 0.3895104166666667 0.7757962962962963 0.03347916666666665 0.06746296296296286
0 0.4546145833333333 0.7810925925925927 0.022322916666666616 0.046296296296296294
0 0.4657708333333333 0.8121666666666667 0.022322916666666616 0.0529074074074075