0 0.3824375 0.5046296296296297 0.043156249999999945 0.06746296296296292
0 0.3656979166666667 0.5747407407407408 0.04240625000000004 0.05951851851851849
0 0.3675625 0.6712962962962963 0.041666666666666664 0.0992037037037038
0 0.40625 0.7387592592592592 0.02976041666666672 0.07011111111111114
0 0.4906979166666667 0.8029074074074074 0.06027083333333335 0.08464814814814822
0 0.52009375 0.7261851851851852 0.038687499999999986 0.06877777777777776
0 0.5524583333333334 0.7215555555555555 0.02902083333333323 0.08333333333333333
0 0.5785 0.6613703703703704 0.03496874999999993 0.0793703703703704
0 0.5658437500000001 0.5648148148148148 0.03051041666666663 0.07142592592592602
0 0.3891354166666667 0.42659259259259263 0.025302083333333295 0.06746296296296297
0 0.3980625 0.3882222222222222 0.028270833333333318 0.05424074074074078
0 0.4229895833333333 0.38425925925925924 0.03347916666666665 0.056870370370370335
0 0.4501458333333333 0.36442592592592593 0.03422916666666668 0.062166666666666655
0 0.4854895833333333 0.33796296296296297 0.03051041666666663 0.07011111111111114
0 0.5279062500000001 0.38557407407407407 0.03051041666666669 0.0727592592592593
0 0.5368333333333334 0.4457592592592593 0.03496874999999999 0.058203703703703716
0 0.5427812500000001 0.5052962962962964 0.036458333333333336 0.05555555555555555