0 0.6432728778924645 0.5199599100831712 0.04263656760795058 0.06012118914585808
0 0.626581475279659 0.5529592455854474 0.03837897272803848 0.0544794406016426
0 0.6103048230847338 0.5924508366927878 0.042697186416780636 0.06382489284956179
0 0.58495626493396 0.6132299750571247 0.03644718641678064 0.06369560336657211
0 0.5152555264805387 0.606230686941516 0.04594342403444121 0.07129694499846403
0 0.4421211205246899 0.5861930169978671 0.040826018914353314 0.076744759318195
0 0.40628012219621146 0.6113863025201839 0.04204954200751061 0.08787741867647078
0 0.42502855652359023 0.5163714782280355 0.037519162487862565 0.06556900346558883
0 0.42290376686928927 0.45519572237542955 0.04379947189227771 0.06755014480043046
0 0.43772400197966727 0.40919032741586037 0.04061385308344742 0.06378179635523182
0 0.4446352354185237 0.3370866205530455 0.04594342403444121 0.07129694499846413
0 0.4362245629015312 0.2461411714642375 0.04296997105651693 0.08049155951622845
0 0.5109158953991036 0.23471890817357005 0.031329781296692734 0.06914341768630265
0 0.5437132406968961 0.23632360388519258 0.035435829154529114 0.06552590697125887
0 0.6209385398083739 0.2610770964471311 0.058473733438856354 0.07340737581629565
0 0.6422432345827628 0.32820705042784465 0.05201156760795058 0.06031512337034281
0 0.666703238761567 0.3935497972982013 0.0565116377231836 0.0807716867293731